Timestamp,Time,LN2 - level (%)
1749704412.319787,00:00:12,6.217
1749704422.385364,00:00:22,6.227
1749704432.456207,00:00:32,6.216
1749704442.549826,00:00:42,6.176
1749704452.615984,00:00:52,6.235
1749704462.684068,00:01:02,6.235
1749704472.749769,00:01:12,6.234
1749704482.815611,00:01:22,6.236
1749704492.890869,00:01:32,6.155
1749704502.956913,00:01:42,6.242
1749704513.022719,00:01:53,6.225
1749704523.091113,00:02:03,6.226
1749704533.156949,00:02:13,6.236
1749704543.222584,00:02:23,6.240
1749704553.292925,00:02:33,6.235
1749704563.358647,00:02:43,6.237
1749704573.42442,00:02:53,6.245
1749704583.498033,00:03:03,6.250
1749704593.585428,00:03:13,6.197
1749704603.651274,00:03:23,6.193
1749704613.903405,00:03:33,6.184
1749704624.155361,00:03:44,6.187
1749704634.221365,00:03:54,6.221
1749704644.291627,00:04:04,6.206
1749704654.357367,00:04:14,6.196
1749704664.423116,00:04:24,6.212
1749704674.492075,00:04:34,6.225
1749704684.576977,00:04:44,6.166
1749704694.642741,00:04:54,6.215
1749704704.713746,00:05:04,6.183
1749704714.779681,00:05:14,6.223
1749704724.845247,00:05:24,6.230
1749704734.917397,00:05:34,6.188
1749704744.983292,00:05:44,6.250
1749704755.048983,00:05:55,6.208
1749704765.122237,00:06:05,6.184
1749704775.187948,00:06:15,6.220
1749704785.253686,00:06:25,6.185
1749704795.322007,00:06:35,6.230
1749704805.388012,00:06:45,6.222
1749704815.45399,00:06:55,6.182
1749704825.538464,00:07:05,6.187
1749704835.612802,00:07:15,6.173
1749704845.679195,00:07:25,6.191
1749704855.747152,00:07:35,6.173
1749704865.812848,00:07:45,6.238
1749704875.878449,00:07:55,6.210
1749704885.948563,00:08:05,6.213
1749704896.014595,00:08:16,6.224
1749704906.080405,00:08:26,6.218
1749704916.14966,00:08:36,6.197
1749704926.215749,00:08:46,6.205
1749704936.281398,00:08:56,6.212
1749704946.353536,00:09:06,6.199
1749704956.419265,00:09:16,6.196
1749704966.485256,00:09:26,6.170
1749704976.58171,00:09:36,6.159
1749704986.647341,00:09:46,6.209
1749704996.713032,00:09:56,6.214
1749705006.790364,00:10:06,6.193
1749705017.04238,00:10:17,6.177
1749705027.108054,00:10:27,6.215
1749705037.176834,00:10:37,6.204
1749705047.242705,00:10:47,6.183
1749705057.308511,00:10:57,6.207
1749705067.38145,00:11:07,6.205
1749705077.447161,00:11:17,6.220
1749705087.512976,00:11:27,6.197
1749705097.605135,00:11:37,6.171
1749705107.670809,00:11:47,6.213
1749705117.736766,00:11:57,6.234
1749705127.805003,00:12:07,6.165
1749705137.870704,00:12:17,6.242
1749705147.936568,00:12:27,6.180
1749705158.005913,00:12:38,6.195
1749705168.071641,00:12:48,6.205
1749705178.137741,00:12:58,6.194
1749705188.20771,00:13:08,6.187
1749705198.273428,00:13:18,6.193
1749705208.524336,00:13:28,6.183
1749705218.610648,00:13:38,6.152
1749705228.676201,00:13:48,6.162
1749705238.741988,00:13:58,6.196
1749705248.817544,00:14:08,6.229
1749705258.883122,00:14:18,6.222
1749705268.9488,00:14:28,6.250
1749705279.02294,00:14:39,6.146
1749705289.088889,00:14:49,6.223
1749705299.154729,00:14:59,6.213
1749705309.224856,00:15:09,6.157
1749705319.290874,00:15:19,6.208
1749705329.356607,00:15:29,6.211
1749705339.428618,00:15:39,6.211
1749705349.494319,00:15:49,6.199
1749705359.584281,00:15:59,6.163
1749705369.652825,00:16:09,6.192
1749705379.718944,00:16:19,6.231
1749705389.784881,00:16:29,6.212
1749705399.862309,00:16:39,6.148
1749705409.927995,00:16:49,6.186
1749705419.993703,00:16:59,6.151
1749705430.066737,00:17:10,6.204
1749705440.13268,00:17:20,6.223
1749705450.198425,00:17:30,6.157
1749705460.266929,00:17:40,6.192
1749705470.332747,00:17:50,6.198
1749705480.584934,00:18:00,6.198
1749705490.662633,00:18:10,6.142
1749705500.728216,00:18:20,6.195
1749705510.793839,00:18:30,6.157
1749705520.864704,00:18:40,6.176
1749705530.930353,00:18:50,6.221
1749705540.996321,00:19:00,6.216
1749705551.066762,00:19:11,6.172
1749705561.132355,00:19:21,6.219
1749705571.198454,00:19:31,6.213
1749705581.267382,00:19:41,6.138
1749705591.333245,00:19:51,6.199
1749705601.399205,00:20:01,6.150
1749705611.472278,00:20:11,6.211
1749705621.53787,00:20:21,6.179
1749705631.6304,00:20:31,6.141
1749705641.699519,00:20:41,6.157
1749705651.765169,00:20:51,6.211
1749705661.830914,00:21:01,6.213
1749705671.898904,00:21:11,6.134
1749705681.964613,00:21:21,6.202
1749705692.030685,00:21:32,6.203
1749705702.1026,00:21:42,6.153
1749705712.168297,00:21:52,6.192
1749705722.234321,00:22:02,6.203
1749705732.302699,00:22:12,6.184
1749705742.368365,00:22:22,6.142
1749705752.620453,00:22:32,6.137
1749705762.693297,00:22:42,6.173
1749705772.758996,00:22:52,6.203
1749705782.824897,00:23:02,6.179
1749705792.894837,00:23:12,6.202
1749705802.960416,00:23:22,6.170
1749705813.026138,00:23:33,6.193
1749705823.096943,00:23:43,6.180
1749705833.162734,00:23:53,6.172
1749705843.228788,00:24:03,6.161
1749705853.296644,00:24:13,6.226
1749705863.362589,00:24:23,6.156
1749705873.428263,00:24:33,6.175
1749705883.500873,00:24:43,6.175
1749705893.590058,00:24:53,6.111
1749705903.674043,00:25:03,6.169
1749705913.742971,00:25:13,6.205
1749705923.815073,00:25:23,6.142
1749705933.881186,00:25:33,6.153
1749705943.950103,00:25:43,6.204
1749705954.015835,00:25:54,6.181
1749705964.081489,00:26:04,6.208
1749705974.157449,00:26:14,6.148
1749705984.223,00:26:24,6.150
1749705994.289036,00:26:34,6.199
1749706004.364408,00:26:44,6.138
1749706014.430288,00:26:54,6.149
1749706024.496009,00:27:04,6.209
1749706034.564958,00:27:14,6.150
1749706044.657141,00:27:24,6.108
1749706054.722813,00:27:34,6.191
1749706064.798715,00:27:44,6.120
1749706074.864338,00:27:54,6.133
1749706084.930131,00:28:04,6.146
1749706094.999041,00:28:14,6.170
1749706105.064721,00:28:25,6.153
1749706115.130327,00:28:35,6.173
1749706125.202502,00:28:45,6.201
1749706135.268178,00:28:55,6.155
1749706145.333932,00:29:05,6.158
1749706155.40957,00:29:15,6.169
1749706165.475527,00:29:25,6.177
1749706175.541894,00:29:35,6.192
1749706185.622509,00:29:45,6.160
1749706195.705749,00:29:55,6.146
1749706205.771653,00:30:05,6.132
1749706215.840089,00:30:15,6.127
1749706226.09245,00:30:26,6.134
1749706236.158464,00:30:36,6.192
1749706246.227108,00:30:46,6.166
1749706256.293055,00:30:56,6.194
1749706266.359007,00:31:06,6.165
1749706276.427546,00:31:16,6.151
1749706286.493423,00:31:26,6.145
1749706296.559176,00:31:36,6.147
1749706306.634889,00:31:46,6.127
1749706316.717671,00:31:56,6.111
1749706326.783404,00:32:06,6.121
1749706336.852001,00:32:16,6.170
1749706346.917983,00:32:26,6.190
1749706356.983798,00:32:36,6.177
1749706367.058721,00:32:47,6.114
1749706377.124361,00:32:57,6.160
1749706387.190384,00:33:07,6.179
1749706397.260821,00:33:17,6.128
1749706407.326906,00:33:27,6.143
1749706417.392725,00:33:37,6.123
1749706427.462957,00:33:47,6.193
1749706437.528623,00:33:57,6.161
1749706447.594374,00:34:07,6.181
1749706457.699918,00:34:17,6.124
1749706467.765771,00:34:27,6.170
1749706477.831546,00:34:37,6.179
1749706487.907491,00:34:47,6.196
1749706497.973012,00:34:57,6.167
1749706508.038903,00:35:08,6.119
1749706518.108534,00:35:18,6.142
1749706528.174245,00:35:28,6.182
1749706538.24002,00:35:38,6.179
1749706548.309089,00:35:48,6.135
1749706558.374687,00:35:58,6.146
1749706568.440445,00:36:08,6.184
1749706578.509031,00:36:18,6.151
1749706588.574623,00:36:28,6.186
1749706598.640348,00:36:38,6.193
1749706608.726888,00:36:48,6.120
1749706618.792553,00:36:58,6.197
1749706628.858268,00:37:08,6.200
1749706638.932662,00:37:18,6.174
1749706648.998384,00:37:28,6.172
1749706659.250467,00:37:39,6.124
1749706669.319783,00:37:49,6.184
1749706679.385478,00:37:59,6.178
1749706689.451258,00:38:09,6.122
1749706699.703376,00:38:19,6.149
1749706709.768983,00:38:29,6.150
1749706719.834623,00:38:39,6.143
1749706729.903856,00:38:49,6.198
1749706739.969467,00:38:59,6.177
1749706750.035232,00:39:10,6.115
1749706760.105594,00:39:20,6.080
1749706770.171545,00:39:30,6.177
1749706780.237307,00:39:40,6.115
1749706790.308014,00:39:50,6.172
1749706800.373676,00:40:00,6.169
1749706810.439421,00:40:10,6.105
1749706820.510696,00:40:20,6.108
1749706830.576899,00:40:30,6.162
1749706840.643053,00:40:40,6.180
1749706850.736579,00:40:50,6.118
1749706860.802483,00:41:00,6.179
1749706871.054397,00:41:11,6.133
1749706881.125612,00:41:21,6.158
1749706891.191361,00:41:31,6.122
1749706901.257147,00:41:41,6.163
1749706911.325358,00:41:51,6.139
1749706921.391215,00:42:01,6.154
1749706931.457733,00:42:11,6.100
1749706941.52709,00:42:21,6.151
1749706951.592977,00:42:31,6.160
1749706961.658963,00:42:41,6.127
1749706971.754234,00:42:51,6.119
1749706981.820073,00:43:01,6.182
1749706991.885768,00:43:11,6.124
1749707001.957849,00:43:21,6.132
1749707012.023549,00:43:32,6.187
1749707022.089648,00:43:42,6.118
1749707032.158859,00:43:52,6.198
1749707042.224758,00:44:02,6.180
1749707052.290541,00:44:12,6.128
1749707062.361685,00:44:22,6.169
1749707072.427383,00:44:32,6.202
1749707082.493238,00:44:42,6.178
1749707092.56874,00:44:52,6.098
1749707102.634433,00:45:02,6.164
1749707112.719636,00:45:12,6.093
1749707122.795823,00:45:22,6.111
1749707132.861332,00:45:32,6.149
1749707142.927519,00:45:42,6.125
1749707153.000209,00:45:53,6.154
1749707163.06626,00:46:03,6.103
1749707173.131905,00:46:13,6.110
1749707183.199954,00:46:23,6.142
1749707193.26559,00:46:33,6.157
1749707203.331485,00:46:43,6.139
1749707213.401375,00:46:53,6.116
1749707223.46711,00:47:03,6.147
1749707233.532764,00:47:13,6.177
1749707243.604115,00:47:23,6.173
1749707253.669711,00:47:33,6.118
1749707263.772195,00:47:43,6.118
1749707273.84116,00:47:53,6.136
1749707283.907215,00:48:03,6.174
1749707293.972982,00:48:13,6.143
1749707304.044385,00:48:24,6.164
1749707314.11036,00:48:34,6.157
1749707324.176205,00:48:44,6.141
1749707334.390208,00:48:54,6.134
1749707344.456287,00:49:04,6.183
1749707354.521908,00:49:14,6.145
1749707364.592396,00:49:24,6.157
1749707374.658276,00:49:34,6.178
1749707384.740441,00:49:44,6.122
1749707394.828837,00:49:54,6.122
1749707404.894612,00:50:04,6.156
1749707414.960335,00:50:14,6.138
1749707425.030999,00:50:25,6.161
1749707435.096993,00:50:35,6.164
1749707445.16261,00:50:45,6.147
1749707455.233098,00:50:55,6.159
1749707465.298979,00:51:05,6.142
1749707475.364697,00:51:15,6.148
1749707485.438433,00:51:25,6.132
1749707495.504276,00:51:35,6.186
1749707505.569943,00:51:45,6.096
1749707515.638805,00:51:55,6.136
1749707525.704497,00:52:05,6.158
1749707535.795811,00:52:15,6.101
1749707545.864795,00:52:25,6.122
1749707555.930894,00:52:35,6.162
1749707565.998584,00:52:45,6.143
1749707576.069933,00:52:56,6.152
1749707586.135767,00:53:06,6.157
1749707596.201625,00:53:16,6.114
1749707606.270978,00:53:26,6.142
1749707616.336926,00:53:36,6.187
1749707626.403188,00:53:46,6.141
1749707636.475636,00:53:56,6.152
1749707646.541602,00:54:06,6.179
1749707656.607621,00:54:16,6.161
1749707666.681985,00:54:26,6.141
1749707676.760494,00:54:36,6.162
1749707686.842225,00:54:46,6.111
1749707696.910181,00:54:56,6.166
1749707706.976188,00:55:06,6.149
1749707717.042025,00:55:17,6.160
1749707727.117227,00:55:27,6.100
1749707737.183232,00:55:37,6.176
1749707747.248923,00:55:47,6.114
1749707757.324657,00:55:57,6.125
1749707767.39095,00:56:07,6.114
1749707777.456948,00:56:17,6.139
1749707787.525471,00:56:27,6.126
1749707797.591142,00:56:37,6.133
1749707807.656824,00:56:47,6.132
1749707817.728727,00:56:57,6.132
1749707827.814383,00:57:07,6.107
1749707837.880392,00:57:17,6.163
1749707847.953226,00:57:27,6.098
1749707858.019507,00:57:38,6.128
1749707868.085449,00:57:48,6.157
1749707878.162535,00:57:58,6.087
1749707888.228642,00:58:08,6.157
1749707898.29459,00:58:18,6.147
1749707908.366523,00:58:28,6.149
1749707918.432223,00:58:38,6.174
1749707928.497875,00:58:48,6.120
1749707938.566731,00:58:58,6.155
1749707948.818461,00:59:08,6.097
1749707958.884164,00:59:18,6.106
1749707968.953812,00:59:28,6.122
1749707979.019473,00:59:39,6.168
1749707989.085133,00:59:49,6.111
1749707999.156324,00:59:59,6.130
1749708009.222843,01:00:09,6.152
1749708019.288803,01:00:19,6.105
1749708029.357943,01:00:29,6.144
1749708039.423497,01:00:39,6.159
1749708049.489278,01:00:49,6.080
1749708059.557446,01:00:59,6.128
1749708069.62349,01:01:09,6.144
1749708079.689276,01:01:19,6.109
1749708089.762082,01:01:29,6.087
1749708099.846196,01:01:39,6.085
1749708109.911869,01:01:49,6.161
1749708119.988732,01:01:59,6.157
1749708130.240781,01:02:10,6.074
1749708140.306332,01:02:20,6.118
1749708150.376223,01:02:30,6.114
1749708160.441915,01:02:40,6.124
1749708170.507872,01:02:50,6.102
1749708180.578027,01:03:00,6.088
1749708190.644132,01:03:10,6.102
1749708200.710019,01:03:20,6.095
1749708210.778386,01:03:30,6.145
1749708220.860575,01:03:40,6.083
1749708230.92637,01:03:50,6.124
1749708240.997683,01:04:00,6.074
1749708251.063659,01:04:11,6.111
1749708261.129376,01:04:21,6.141
1749708271.202127,01:04:31,6.157
1749708281.267959,01:04:41,6.141
1749708291.334351,01:04:51,6.107
1749708301.40684,01:05:01,6.125
1749708311.472813,01:05:11,6.165
1749708321.538441,01:05:21,6.096
1749708331.608775,01:05:31,6.166
1749708341.674536,01:05:41,6.156
1749708351.740254,01:05:51,6.151
1749708361.833487,01:06:01,6.106
1749708371.899452,01:06:11,6.117
1749708381.965201,01:06:21,6.137
1749708392.035068,01:06:32,6.123
1749708402.100943,01:06:42,6.147
1749708412.166531,01:06:52,6.123
1749708422.234871,01:07:02,6.119
1749708432.301023,01:07:12,6.085
1749708442.366666,01:07:22,6.141
1749708452.436952,01:07:32,6.143
1749708462.502593,01:07:42,6.145
1749708472.568299,01:07:52,6.140
1749708482.642541,01:08:02,6.132
1749708492.708311,01:08:12,6.155
1749708502.774021,01:08:22,6.100
1749708512.874153,01:08:32,6.096
1749708522.939856,01:08:42,6.151
1749708533.005433,01:08:53,6.158
1749708543.076382,01:09:03,6.088
1749708553.141989,01:09:13,6.162
1749708563.207915,01:09:23,6.147
1749708573.278171,01:09:33,6.058
1749708583.344046,01:09:43,6.145
1749708593.409779,01:09:53,6.100
1749708603.478677,01:10:03,6.166
1749708613.544589,01:10:13,6.151
1749708623.610661,01:10:23,6.090
1749708633.679427,01:10:33,6.083
1749708643.745055,01:10:43,6.139
1749708653.811163,01:10:53,6.147
1749708663.904071,01:11:03,6.091
1749708673.969877,01:11:13,6.121
1749708684.035726,01:11:24,6.093
1749708694.105831,01:11:34,6.104
1749708704.171476,01:11:44,6.119
1749708714.237325,01:11:54,6.122
1749708724.310327,01:12:04,6.112
1749708734.562392,01:12:14,6.075
1749708744.628022,01:12:24,6.111
1749708754.697658,01:12:34,6.124
1749708764.763425,01:12:44,6.114
1749708774.843634,01:12:54,6.091
1749708784.925552,01:13:04,6.075
1749708795.177364,01:13:15,6.080
1749708805.243178,01:13:25,6.089
1749708815.311763,01:13:35,6.116
1749708825.377323,01:13:45,6.074
1749708835.443196,01:13:55,6.142
1749708845.511514,01:14:05,6.136
1749708855.577643,01:14:15,6.136
1749708865.643309,01:14:25,6.154
1749708875.712335,01:14:35,6.139
1749708885.778212,01:14:45,6.137
1749708895.863708,01:14:55,6.068
1749708905.93819,01:15:05,6.087
1749708916.003868,01:15:16,6.128
1749708926.069633,01:15:26,6.119
1749708936.140072,01:15:36,6.117
1749708946.205927,01:15:46,6.128
1749708956.272627,01:15:56,6.100
1749708966.344272,01:16:06,6.113
1749708976.410083,01:16:16,6.077
1749708986.476085,01:16:26,6.148
1749708996.548846,01:16:36,6.065
1749709006.614796,01:16:46,6.141
1749709016.680635,01:16:56,6.130
1749709026.751454,01:17:06,6.128
1749709036.817067,01:17:16,6.111
1749709046.906268,01:17:26,6.080
1749709056.978353,01:17:36,6.106
1749709067.043864,01:17:47,6.128
1749709077.109935,01:17:57,6.143
1749709087.183609,01:18:07,6.096
1749709097.249353,01:18:17,6.072
1749709107.315232,01:18:27,6.101
1749709117.383734,01:18:37,6.108
1749709127.44925,01:18:47,6.097
1749709137.51494,01:18:57,6.091
1749709147.589639,01:19:07,6.087
1749709157.65527,01:19:17,6.112
1749709167.721289,01:19:27,6.122
1749709177.792868,01:19:37,6.028
1749709187.858553,01:19:47,6.060
1749709197.94233,01:19:57,6.059
1749709208.01279,01:20:08,6.131
1749709218.078477,01:20:18,6.131
1749709228.144493,01:20:28,6.115
1749709238.212829,01:20:38,6.119
1749709248.278501,01:20:48,6.112
1749709258.344158,01:20:58,6.110
1749709268.417988,01:21:08,6.122
1749709278.483868,01:21:18,6.087
1749709288.549614,01:21:28,6.084
1749709298.621208,01:21:38,6.137
1749709308.686912,01:21:48,6.125
1749709318.752562,01:21:58,6.098
1749709328.822026,01:22:08,6.102
1749709338.907365,01:22:18,6.086
1749709348.978397,01:22:28,6.057
1749709359.049065,01:22:39,6.117
1749709369.114613,01:22:49,6.078
1749709379.180291,01:22:59,6.094
1749709389.337535,01:23:09,6.048
1749709399.403373,01:23:19,6.097
1749709409.469063,01:23:29,6.067
1749709419.541755,01:23:39,6.111
1749709429.607553,01:23:49,6.064
1749709439.673204,01:23:59,6.092
1749709449.745836,01:24:09,6.075
1749709459.811561,01:24:19,6.056
1749709469.877451,01:24:29,6.132
1749709479.967336,01:24:39,6.058
1749709490.033196,01:24:50,6.126
1749709500.098816,01:25:00,6.123
1749709510.172692,01:25:10,6.082
1749709520.238275,01:25:20,6.075
1749709530.490358,01:25:30,6.060
1749709540.559768,01:25:40,6.046
1749709550.625448,01:25:50,6.098
1749709560.691172,01:26:00,6.103
1749709570.759678,01:26:10,6.042
1749709580.825307,01:26:20,6.104
1749709590.891189,01:26:30,6.123
1749709600.971971,01:26:40,6.049
1749709611.037841,01:26:51,6.130
1749709621.103921,01:27:01,6.049
1749709631.172741,01:27:11,6.128
1749709641.238512,01:27:21,6.059
1749709651.304336,01:27:31,6.103
1749709661.374746,01:27:41,6.124
1749709671.440736,01:27:51,6.087
1749709681.506359,01:28:01,6.109
1749709691.576849,01:28:11,6.094
1749709701.642698,01:28:21,6.093
1749709711.708572,01:28:31,6.102
1749709721.782125,01:28:41,6.055
1749709731.847919,01:28:51,6.136
1749709741.913774,01:29:01,6.045
1749709751.999921,01:29:11,6.031
1749709762.065585,01:29:22,6.043
1749709772.131535,01:29:32,6.109
1749709782.203126,01:29:42,6.062
1749709792.268749,01:29:52,6.113
1749709802.334779,01:30:02,6.130
1749709812.405431,01:30:12,6.040
1749709822.47119,01:30:22,6.110
1749709832.537113,01:30:32,6.127
1749709842.612082,01:30:42,6.044
1749709852.677803,01:30:52,6.064
1749709862.743688,01:31:02,6.071
1749709872.81145,01:31:12,6.102
1749709882.877809,01:31:22,6.109
1749709892.967352,01:31:32,6.044
1749709903.036701,01:31:43,6.099
1749709913.102447,01:31:53,6.114
1749709923.16871,01:32:03,6.130
1749709933.236803,01:32:13,6.051
1749709943.302598,01:32:23,6.111
1749709953.368394,01:32:33,6.111
1749709963.440537,01:32:43,6.075
1749709973.506311,01:32:53,6.096
1749709983.572011,01:33:03,6.043
1749709993.645388,01:33:13,6.084
1749710003.711051,01:33:23,6.058
1749710013.964125,01:33:33,6.097
1749710024.043006,01:33:44,6.058
1749710034.10866,01:33:54,6.097
1749710044.1743,01:34:04,6.083
1749710054.248316,01:34:14,6.081
1749710064.314016,01:34:24,6.113
1749710074.379866,01:34:34,6.099
1749710084.448766,01:34:44,6.102
1749710094.514353,01:34:54,6.130
1749710104.580104,01:35:04,6.044
1749710114.653373,01:35:14,6.114
1749710124.719031,01:35:24,6.110
1749710134.784732,01:35:34,6.088
1749710144.853027,01:35:44,6.125
1749710154.918571,01:35:54,6.124
1749710165.020185,01:36:05,6.072
1749710175.090063,01:36:15,6.115
1749710185.155801,01:36:25,6.108
1749710195.221453,01:36:35,6.043
1749710205.291083,01:36:45,6.112
1749710215.357084,01:36:55,6.123
1749710225.422721,01:37:05,6.104
1749710235.491537,01:37:15,6.118
1749710245.557347,01:37:25,6.117
1749710255.622981,01:37:35,6.114
1749710265.691234,01:37:45,6.114
1749710275.757097,01:37:55,6.031
1749710285.822815,01:38:05,6.109
1749710295.895458,01:38:15,6.129
1749710305.961114,01:38:25,6.107
1749710316.042856,01:38:36,6.062
1749710326.111204,01:38:46,6.112
1749710336.177137,01:38:56,6.064
1749710346.24339,01:39:06,6.126
1749710356.312427,01:39:16,6.132
1749710366.377894,01:39:26,6.071
1749710376.443959,01:39:36,6.132
1749710386.518541,01:39:46,6.128
1749710396.584427,01:39:56,6.071
1749710406.650308,01:40:06,6.103
1749710416.719585,01:40:16,6.107
1749710426.785613,01:40:26,6.055
1749710436.851289,01:40:36,6.105
1749710446.920235,01:40:46,6.036
1749710457.002099,01:40:57,6.063
1749710467.080691,01:41:07,6.054
1749710477.150747,01:41:17,6.094
1749710487.216399,01:41:27,6.096
1749710497.282327,01:41:37,6.075
1749710507.350668,01:41:47,6.088
1749710517.416267,01:41:57,6.091
1749710527.481946,01:42:07,6.096
1749710537.555123,01:42:17,6.055
1749710547.807378,01:42:27,6.070
1749710557.873162,01:42:37,6.082
1749710567.941983,01:42:47,6.060
1749710578.032227,01:42:58,6.060
1749710588.097907,01:43:08,6.070
1749710598.167573,01:43:18,6.051
1749710608.233222,01:43:28,6.122
1749710618.299005,01:43:38,6.114
1749710628.368261,01:43:48,6.047
1749710638.434046,01:43:58,6.111
1749710648.499671,01:44:08,6.077
1749710658.57177,01:44:18,6.069
1749710668.637427,01:44:28,6.090
1749710678.703382,01:44:38,6.046
1749710688.773563,01:44:48,6.082
1749710698.839358,01:44:58,6.075
1749710708.905175,01:45:08,6.077
1749710718.973298,01:45:18,6.044
1749710729.066349,01:45:29,6.046
1749710739.132159,01:45:39,6.132
1749710749.203692,01:45:49,6.105
1749710759.269724,01:45:59,6.119
1749710769.335581,01:46:09,6.081
1749710779.405079,01:46:19,6.066
1749710789.470811,01:46:29,6.068
1749710799.72236,01:46:39,6.058
1749710809.793932,01:46:49,6.085
1749710819.859925,01:46:59,6.086
1749710829.925963,01:47:09,6.067
1749710839.995878,01:47:19,6.083
1749710850.080807,01:47:30,6.045
1749710860.244959,01:47:40,6.057
1749710870.317103,01:47:50,6.053
1749710880.382962,01:48:00,6.107
1749710890.448706,01:48:10,6.067
1749710900.519743,01:48:20,6.106
1749710910.58582,01:48:30,6.106
1749710920.651903,01:48:40,6.118
1749710930.725351,01:48:50,6.040
1749710940.791294,01:49:00,6.100
1749710950.857379,01:49:10,6.105
1749710960.928957,01:49:20,6.087
1749710970.994876,01:49:30,6.102
1749710981.090447,01:49:41,5.999
1749710991.160949,01:49:51,6.097
1749711001.226528,01:50:01,6.074
1749711011.292326,01:50:11,6.084
1749711021.363295,01:50:21,6.051
1749711031.42912,01:50:31,6.049
1749711041.494953,01:50:41,6.070
1749711051.565521,01:50:51,6.081
1749711061.631391,01:51:01,6.091
1749711071.697126,01:51:11,6.046
1749711081.767098,01:51:21,6.079
1749711091.832955,01:51:31,6.120
1749711101.898683,01:51:41,6.085
1749711111.969215,01:51:51,6.093
1749711122.036374,01:52:02,6.042
1749711132.123033,01:52:12,6.026
1749711142.19624,01:52:22,6.046
1749711152.261876,01:52:32,6.091
1749711162.327543,01:52:42,6.048
1749711172.399488,01:52:52,6.042
1749711182.465343,01:53:02,6.116
1749711192.530994,01:53:12,6.104
1749711202.600419,01:53:22,6.094
1749711212.665941,01:53:32,6.033
1749711222.731618,01:53:42,6.079
1749711232.800271,01:53:52,6.092
1749711242.865982,01:54:02,6.074
1749711252.931875,01:54:12,6.082
1749711263.001973,01:54:23,6.040
1749711273.06756,01:54:33,6.077
1749711283.149595,01:54:43,6.030
1749711293.218926,01:54:53,6.094
1749711303.284724,01:55:03,6.091
1749711313.350735,01:55:13,6.038
1749711323.428463,01:55:23,6.081
1749711333.494548,01:55:33,6.100
1749711343.746451,01:55:43,6.033
1749711353.815941,01:55:53,6.049
1749711363.881624,01:56:03,6.098
1749711373.947557,01:56:13,6.102
1749711384.016652,01:56:24,6.069
1749711394.082382,01:56:34,6.085
1749711404.165758,01:56:44,6.023
1749711414.239912,01:56:54,6.084
1749711424.305841,01:57:04,6.096
1749711434.371817,01:57:14,6.091
1749711444.440162,01:57:24,6.096
1749711454.506044,01:57:34,6.094
1749711464.571797,01:57:44,6.045
1749711474.640259,01:57:54,6.075
1749711484.706,01:58:04,6.038
1749711494.771942,01:58:14,6.055
1749711504.841108,01:58:24,6.095
1749711514.906817,01:58:34,6.050
1749711524.972758,01:58:44,6.087
1749711535.041065,01:58:55,6.062
1749711545.114952,01:59:05,6.043
1749711555.199201,01:59:15,6.022
1749711565.26779,01:59:25,6.065
1749711575.333413,01:59:35,6.056
1749711585.399276,01:59:45,6.028
1749711595.651384,01:59:55,6.003
1749711605.717734,02:00:05,5.961
1749711615.783465,02:00:15,6.037
1749711625.857805,02:00:25,6.135
1749711635.923488,02:00:35,6.121
1749711645.989292,02:00:45,6.142
1749711656.063654,02:00:56,6.113
1749711666.156101,02:01:06,6.109
1749711676.225097,02:01:16,6.100
1749711686.293521,02:01:26,6.175
1749711696.359065,02:01:36,6.163
1749711706.424942,02:01:46,6.193
1749711716.493569,02:01:56,6.165
1749711726.559373,02:02:06,6.172
1749711736.625237,02:02:16,6.130
1749711746.695142,02:02:26,6.147
1749711756.761032,02:02:36,6.180
1749711766.826986,02:02:46,6.118
1749711776.899536,02:02:56,6.105
1749711786.965453,02:03:06,6.170
1749711797.031193,02:03:17,6.159
1749711807.101081,02:03:27,6.182
1749711817.353409,02:03:37,6.097
1749711827.419096,02:03:47,6.119
1749711837.489407,02:03:57,6.136
1749711847.555757,02:04:07,6.097
1749711857.621536,02:04:17,6.155
1749711867.695862,02:04:27,6.093
1749711877.761537,02:04:37,6.142
1749711887.82739,02:04:47,6.146
1749711898.0794,02:04:58,6.100
1749711908.17216,02:05:08,6.090
1749711918.237754,02:05:18,6.141
1749711928.305826,02:05:28,6.122
1749711938.371686,02:05:38,6.087
1749711948.437711,02:05:48,6.119
1749711958.507166,02:05:58,6.142
1749711968.573097,02:06:08,6.113
1749711978.638828,02:06:18,6.116
1749711988.713454,02:06:28,6.124
1749711998.779839,02:06:38,6.120
1749712008.845696,02:06:48,6.125
1749712018.917288,02:06:58,6.073
1749712028.983161,02:07:08,6.093
1749712039.049112,02:07:19,6.055
1749712049.118363,02:07:29,6.126
1749712059.207437,02:07:39,6.040
1749712069.273065,02:07:49,6.087
1749712079.345461,02:07:59,6.075
1749712089.411091,02:08:09,6.126
1749712099.476986,02:08:19,6.068
1749712109.547336,02:08:29,6.112
1749712119.613041,02:08:39,6.104
1749712129.678755,02:08:49,6.081
1749712139.749581,02:08:59,6.115
1749712149.815609,02:09:09,6.057
1749712159.881716,02:09:19,6.059
1749712169.956429,02:09:29,6.063
1749712180.02233,02:09:40,6.122
1749712190.088319,02:09:50,6.102
1749712200.159229,02:10:00,6.040
1749712210.245029,02:10:10,6.039
1749712220.334906,02:10:20,5.991
1749712230.406895,02:10:30,6.057
1749712240.472516,02:10:40,6.094
1749712250.541498,02:10:50,6.040
1749712260.61316,02:11:00,6.084
1749712270.67888,02:11:10,6.038
1749712280.744488,02:11:20,6.104
1749712290.81293,02:11:30,6.098
1749712300.878645,02:11:40,6.120
1749712310.944943,02:11:50,6.034
1749712321.016784,02:12:01,6.031
1749712331.08266,02:12:11,6.100
1749712341.148603,02:12:21,6.050
1749712351.259057,02:12:31,6.025
1749712361.324649,02:12:41,6.019
1749712371.390351,02:12:51,6.084
1749712381.460806,02:13:01,6.069
1749712391.526558,02:13:11,6.031
1749712401.592452,02:13:21,6.083
1749712411.663376,02:13:31,6.067
1749712421.729079,02:13:41,6.087
1749712431.981394,02:13:51,6.035
1749712442.233431,02:14:02,6.023
1749712452.29931,02:14:12,6.065
1749712462.364938,02:14:22,6.086
1749712472.437541,02:14:32,6.013
1749712482.503122,02:14:42,6.022
1749712492.568812,02:14:52,6.072
1749712502.63767,02:15:02,6.048
1749712512.703488,02:15:12,6.053
1749712522.769112,02:15:22,6.067
1749712532.838186,02:15:32,6.059
1749712542.90403,02:15:42,6.065
1749712552.969746,02:15:52,6.053
1749712563.038568,02:16:03,6.084
1749712573.104263,02:16:13,6.078
1749712583.170002,02:16:23,6.068
1749712593.27027,02:16:33,6.012
1749712603.336105,02:16:43,6.036
1749712613.40192,02:16:53,6.076
1749712623.470627,02:17:03,6.080
1749712633.610132,02:17:13,6.015
1749712643.675749,02:17:23,6.030
1749712653.743943,02:17:33,6.079
1749712663.810069,02:17:43,6.084
1749712673.875893,02:17:53,6.081
1749712683.946991,02:18:03,5.976
1749712694.012963,02:18:14,6.068
1749712704.078901,02:18:24,6.084
1749712714.151676,02:18:34,6.041
1749712724.237285,02:18:44,6.008
1749712734.312953,02:18:54,6.021
1749712744.38103,02:19:04,6.093
1749712754.44673,02:19:14,6.083
1749712764.512747,02:19:24,6.107
1749712774.582634,02:19:34,6.076
1749712784.648496,02:19:44,6.082
1749712794.714321,02:19:54,6.077
1749712804.783318,02:20:04,6.091
1749712814.848951,02:20:14,6.078
1749712824.914879,02:20:24,6.078
1749712834.986774,02:20:34,6.013
1749712845.052481,02:20:45,6.065
1749712855.118141,02:20:55,6.076
1749712865.189356,02:21:05,6.090
1749712875.282502,02:21:15,6.001
1749712885.348173,02:21:25,6.076
1749712895.416348,02:21:35,6.081
1749712905.482227,02:21:45,6.057
1749712915.548456,02:21:55,6.011
1749712925.617482,02:22:05,6.051
1749712935.683203,02:22:15,6.055
1749712945.748924,02:22:25,6.019
1749712955.820519,02:22:35,6.091
1749712965.886139,02:22:45,6.047
1749712975.951813,02:22:55,6.054
1749712986.025952,02:23:06,6.024
1749712996.091856,02:23:16,6.056
1749713006.157732,02:23:26,6.036
1749713016.226856,02:23:36,6.001
1749713026.310854,02:23:46,6.012
1749713036.376699,02:23:56,6.077
1749713046.447496,02:24:06,5.995
1749713056.513308,02:24:16,6.036
1749713066.579732,02:24:26,5.997
1749713076.647763,02:24:36,6.054
1749713086.713524,02:24:46,6.045
1749713096.77971,02:24:56,5.998
1749713106.851728,02:25:06,6.037
1749713116.917502,02:25:16,6.056
1749713126.983482,02:25:26,6.041
1749713137.05292,02:25:37,6.035
1749713147.11857,02:25:47,6.022
1749713157.184582,02:25:57,6.069
1749713167.257472,02:26:07,5.998
1749713177.339075,02:26:17,6.016
1749713187.404919,02:26:27,6.061
1749713197.476825,02:26:37,6.025
1749713207.542485,02:26:47,6.054
1749713217.608358,02:26:57,6.065
1749713227.860372,02:27:07,6.002
1749713238.112633,02:27:18,5.998
1749713248.178392,02:27:28,6.047
1749713258.247752,02:27:38,6.048
1749713268.333376,02:27:48,6.012
1749713278.399145,02:27:58,6.038
1749713288.46826,02:28:08,6.042
1749713298.533952,02:28:18,6.068
1749713308.599939,02:28:28,6.066
1749713318.670789,02:28:38,5.974
1749713328.736791,02:28:48,6.063
1749713338.802454,02:28:58,5.986
1749713348.871165,02:29:08,6.074
1749713358.936741,02:29:18,6.006
1749713369.002622,02:29:29,6.070
1749713379.074383,02:29:39,6.082
1749713389.14035,02:29:49,6.057
1749713399.206185,02:29:59,6.004
1749713409.276835,02:30:09,6.033
1749713419.365451,02:30:19,5.973
1749713429.431324,02:30:29,6.037
1749713439.503602,02:30:39,6.015
1749713449.569338,02:30:49,6.029
1749713459.635131,02:30:59,6.044
1749713469.710068,02:31:09,6.020
1749713479.96235,02:31:19,6.004
1749713490.028304,02:31:30,6.063
1749713500.280359,02:31:40,5.989
1749713510.366148,02:31:50,5.994
1749713520.432112,02:32:00,6.029
1749713530.50029,02:32:10,6.025
1749713540.566046,02:32:20,6.001
1749713550.631795,02:32:30,6.035
1749713560.701944,02:32:40,6.024
1749713570.767691,02:32:50,6.056
1749713580.833542,02:33:00,6.003
1749713590.907793,02:33:10,5.983
1749713600.973451,02:33:20,6.013
1749713611.039184,02:33:31,6.021
1749713621.110585,02:33:41,6.017
1749713631.176306,02:33:51,6.018
1749713641.24191,02:34:01,6.010
1749713651.313084,02:34:11,6.028
1749713661.396074,02:34:21,5.978
1749713671.461654,02:34:31,5.984
1749713681.530153,02:34:41,6.028
1749713691.595782,02:34:51,6.029
1749713701.661365,02:35:01,5.988
1749713711.733084,02:35:11,6.004
1749713721.798879,02:35:21,5.997
1749713731.864702,02:35:31,6.038
1749713741.934621,02:35:41,5.983
1749713752.000675,02:35:52,5.995
1749713762.066565,02:36:02,6.061
1749713772.13468,02:36:12,5.981
1749713782.200609,02:36:22,6.057
1749713792.266661,02:36:32,6.059
1749713802.336129,02:36:42,5.971
1749713812.417797,02:36:52,5.983
1749713822.483529,02:37:02,6.064
1749713832.55233,02:37:12,5.968
1749713842.618099,02:37:22,6.044
1749713852.684173,02:37:32,6.051
1749713862.752589,02:37:42,6.038
1749713872.818509,02:37:52,6.043
1749713882.88438,02:38:02,5.983
1749713892.952994,02:38:12,6.070
1749713903.018976,02:38:23,6.033
1749713913.084703,02:38:33,6.048
1749713923.154568,02:38:43,5.956
1749713933.220702,02:38:53,6.030
1749713943.286693,02:39:03,6.040
1749713953.363775,02:39:13,5.967
1749713963.446238,02:39:23,5.982
1749713973.512222,02:39:33,6.044
1749713983.580876,02:39:43,5.973
1749713993.646659,02:39:53,5.980
1749714003.712511,02:40:03,6.012
1749714013.784006,02:40:13,5.978
1749714023.849901,02:40:23,5.973
1749714033.915901,02:40:33,5.977
1749714043.985026,02:40:43,6.056
1749714054.050725,02:40:54,6.027
1749714064.116586,02:41:04,6.035
1749714074.187376,02:41:14,6.010
1749714084.253374,02:41:24,6.036
1749714094.319205,02:41:34,6.014
1749714104.424257,02:41:44,5.973
1749714114.490022,02:41:54,6.005
1749714124.555665,02:42:04,6.039
1749714134.625017,02:42:14,6.026
1749714144.690604,02:42:24,6.029
1749714154.756608,02:42:34,5.979
1749714164.824813,02:42:44,5.996
1749714174.890659,02:42:54,6.034
1749714184.956348,02:43:04,5.976
1749714195.02565,02:43:15,6.045
1749714205.091503,02:43:25,6.040
1749714215.157197,02:43:35,5.977
1749714225.227491,02:43:45,6.034
1749714235.293349,02:43:55,6.022
1749714245.359191,02:44:05,5.983
1749714255.444507,02:44:15,5.963
1749714265.510215,02:44:25,6.016
1749714275.575842,02:44:35,5.972
1749714285.648305,02:44:45,6.039
1749714295.7141,02:44:55,6.033
1749714305.77988,02:45:05,6.043
1749714315.848698,02:45:15,5.973
1749714325.914629,02:45:25,6.011
1749714335.980342,02:45:35,6.041
1749714346.050552,02:45:46,5.982
1749714356.116202,02:45:56,6.011
1749714366.18196,02:46:06,5.999
1749714376.252996,02:46:16,6.032
1749714386.318882,02:46:26,6.044
1749714396.384708,02:46:36,5.980
1749714406.479094,02:46:46,5.983
1749714416.544911,02:46:56,6.037
1749714426.610723,02:47:06,6.001
1749714436.687097,02:47:16,5.957
1749714446.75273,02:47:26,5.997
1749714456.818436,02:47:36,6.043
1749714466.886566,02:47:46,6.008
1749714476.952413,02:47:56,6.009
1749714487.018079,02:48:07,6.030
1749714497.091295,02:48:17,6.011
1749714507.157084,02:48:27,6.038
1749714517.222798,02:48:37,5.979
1749714527.296729,02:48:47,5.998
1749714537.36252,02:48:57,6.003
1749714547.452058,02:49:07,5.960
1749714557.52522,02:49:17,5.977
1749714567.590969,02:49:27,5.971
1749714577.656923,02:49:37,6.024
1749714587.730584,02:49:47,5.965
1749714597.796262,02:49:57,6.019
1749714607.86213,02:50:07,6.034
1749714617.937043,02:50:17,5.970
1749714628.002637,02:50:28,6.020
1749714638.068846,02:50:38,5.984
1749714648.137271,02:50:48,6.047
1749714658.20288,02:50:58,6.045
1749714668.268765,02:51:08,5.963
1749714678.340136,02:51:18,5.954
1749714688.406292,02:51:28,5.983
1749714698.491601,02:51:38,5.992
1749714708.56061,02:51:48,5.990
1749714718.62636,02:51:58,5.999
1749714728.692049,02:52:08,6.024
1749714738.764965,02:52:18,5.965
1749714748.830752,02:52:28,6.041
1749714758.896411,02:52:38,6.043
1749714768.964921,02:52:48,6.036
1749714779.030452,02:52:59,5.983
1749714789.096482,02:53:09,6.037
1749714799.16709,02:53:19,5.945
1749714809.232825,02:53:29,6.021
1749714819.298666,02:53:39,6.007
1749714829.368477,02:53:49,5.940
1749714839.434055,02:53:59,6.001
1749714849.514561,02:54:09,5.958
1749714859.586187,02:54:19,5.958
1749714869.651997,02:54:29,5.976
1749714879.71777,02:54:39,6.015
1749714889.791706,02:54:49,5.952
1749714899.857467,02:54:59,6.042
1749714909.92331,02:55:09,6.023
1749714919.993783,02:55:19,5.947
1749714930.059863,02:55:30,6.015
1749714940.125418,02:55:40,6.025
1749714950.197168,02:55:50,6.022
1749714960.265969,02:56:00,6.006
1749714970.331708,02:56:10,5.978
1749714980.49182,02:56:20,5.988
1749714990.557939,02:56:30,5.983
1749715000.623691,02:56:40,5.954
1749715010.699962,02:56:50,5.923
1749715020.765652,02:57:00,6.003
1749715031.017368,02:57:11,5.940
1749715041.088364,02:57:21,5.988
1749715051.154057,02:57:31,6.014
1749715061.220017,02:57:41,6.015
1749715071.293901,02:57:51,5.972
1749715081.35951,02:58:01,5.959
1749715091.425489,02:58:11,6.011
1749715101.522539,02:58:21,5.925
1749715111.591841,02:58:31,6.040
1749715121.657489,02:58:41,6.006
1749715131.727788,02:58:51,6.020
1749715141.979553,02:59:01,5.969
1749715152.045191,02:59:12,5.999
1749715162.297358,02:59:22,5.944
1749715172.363059,02:59:32,5.964
1749715182.429081,02:59:42,6.007
1749715192.536118,02:59:52,5.916
1749715202.602139,03:00:02,6.008
1749715212.668757,03:00:12,5.924
1749715222.740759,03:00:22,6.005
1749715232.806374,03:00:32,5.960
1749715242.872139,03:00:42,5.980
1749715252.941397,03:00:52,5.983
1749715263.007332,03:01:03,5.924
1749715273.07328,03:01:13,6.011
1749715283.144892,03:01:23,5.994
1749715293.210618,03:01:33,6.009
1749715303.276273,03:01:43,6.016
1749715313.350818,03:01:53,5.944
1749715323.416685,03:02:03,6.008
1749715333.482574,03:02:13,6.021
1749715343.581657,03:02:23,5.958
1749715353.647923,03:02:33,6.006
1749715363.71359,03:02:43,6.005
1749715373.786093,03:02:53,6.013
1749715383.851762,03:03:03,6.005
1749715393.917459,03:03:13,5.954
1749715403.993534,03:03:23,5.940
1749715414.059536,03:03:34,5.991
1749715424.125534,03:03:44,5.980
1749715434.194763,03:03:54,5.982
1749715444.260605,03:04:04,5.964
1749715454.326241,03:04:14,5.956
1749715464.397358,03:04:24,5.930
1749715474.463075,03:04:34,5.984
1749715484.715365,03:04:44,5.935
1749715494.784374,03:04:54,6.010
1749715504.850244,03:05:04,6.014
1749715514.916016,03:05:14,6.011
1749715524.988013,03:05:24,5.985
1749715535.053906,03:05:35,5.950
1749715545.11973,03:05:45,6.006
1749715555.188496,03:05:55,5.947
1749715565.254356,03:06:05,5.958
1749715575.320051,03:06:15,5.993
1749715585.388526,03:06:25,5.978
1749715595.454465,03:06:35,5.967
1749715605.553735,03:06:45,5.935
1749715615.622668,03:06:55,5.964
1749715625.688252,03:07:05,5.975
1749715635.754243,03:07:15,5.979
1749715645.826698,03:07:25,5.960
1749715655.892393,03:07:35,5.923
1749715665.958492,03:07:45,5.973
1749715676.026802,03:07:56,5.945
1749715686.092576,03:08:06,5.927
1749715696.158401,03:08:16,5.918
1749715706.279868,03:08:26,5.932
1749715716.34568,03:08:36,5.929
1749715726.411599,03:08:46,6.006
1749715736.480934,03:08:56,5.978
1749715746.573681,03:09:06,5.921
1749715756.639415,03:09:16,5.964
1749715766.708011,03:09:26,5.921
1749715776.773701,03:09:36,5.988
1749715786.839608,03:09:46,5.920
1749715796.907591,03:09:56,5.992
1749715807.1594,03:10:07,5.928
1749715817.225447,03:10:17,5.998
1749715827.294134,03:10:27,5.975
1749715837.359756,03:10:37,5.921
1749715847.425603,03:10:47,5.929
1749715857.49923,03:10:57,5.946
1749715867.593142,03:11:07,5.932
1749715877.658852,03:11:17,5.963
1749715887.724593,03:11:27,5.965
1749715897.790362,03:11:37,5.983
1749715907.856032,03:11:47,5.971
1749715917.929236,03:11:57,5.953
1749715927.995063,03:12:07,5.925
1749715938.060877,03:12:18,5.949
1749715948.12913,03:12:28,5.911
1749715958.194763,03:12:38,5.975
1749715968.260741,03:12:48,6.001
1749715978.332906,03:12:58,5.950
1749715988.39877,03:13:08,5.952
1749715998.464634,03:13:18,5.932
1749716008.534576,03:13:28,5.918
1749716018.61638,03:13:38,5.919
1749716028.682204,03:13:48,5.967
1749716038.751644,03:13:58,5.945
1749716048.817516,03:14:08,5.969
1749716058.88332,03:14:18,5.924
1749716068.958705,03:14:28,5.968
1749716079.024532,03:14:39,5.957
1749716089.090729,03:14:49,5.945
1749716099.163071,03:14:59,5.923
1749716109.228754,03:15:09,5.980
1749716119.294855,03:15:19,5.970
1749716129.362868,03:15:29,5.917
1749716139.429426,03:15:39,5.966
1749716149.495079,03:15:49,5.920
1749716159.567445,03:15:59,5.945
1749716169.650355,03:16:09,5.905
1749716179.7165,03:16:19,5.961
1749716189.787091,03:16:29,5.975
1749716199.853224,03:16:39,5.909
1749716209.918992,03:16:49,5.974
1749716219.989617,03:16:59,5.884
1749716230.055288,03:17:10,5.964
1749716240.121008,03:17:20,5.965
1749716250.191149,03:17:30,5.912
1749716260.256945,03:17:40,5.938
1749716270.322586,03:17:50,5.967
1749716280.395567,03:18:00,5.931
1749716290.461889,03:18:10,5.989
1749716300.527721,03:18:20,5.967
1749716310.615302,03:18:30,5.948
1749716320.681383,03:18:40,5.942
1749716330.747287,03:18:50,5.922
1749716340.816349,03:19:00,5.966
1749716350.882328,03:19:10,5.956
1749716360.948327,03:19:20,5.934
1749716371.017472,03:19:31,5.973
1749716381.083351,03:19:41,5.998
1749716391.149092,03:19:51,5.939
1749716401.220498,03:20:01,5.990
1749716411.286443,03:20:11,5.910
1749716421.352072,03:20:21,5.981
1749716431.423576,03:20:31,5.980
1749716441.489245,03:20:41,5.964
1749716451.555011,03:20:51,5.961
1749716461.659229,03:21:01,5.923
1749716471.724874,03:21:11,5.972
1749716481.79048,03:21:21,5.961
1749716491.861478,03:21:31,5.961
1749716501.927414,03:21:41,5.978
1749716511.993052,03:21:51,5.991
1749716522.245384,03:22:02,5.945
1749716532.311192,03:22:12,5.959
1749716542.377128,03:22:22,5.933
1749716552.446068,03:22:32,5.950
1749716562.511875,03:22:42,5.950
1749716572.578004,03:22:52,5.931
1749716582.674737,03:23:02,5.902
1749716592.74049,03:23:12,5.964
1749716602.806065,03:23:22,5.918
1749716612.876004,03:23:32,5.944
1749716622.941938,03:23:42,5.966
1749716633.007788,03:23:53,5.904
1749716643.07812,03:24:03,5.946
1749716653.143938,03:24:13,5.958
1749716663.209649,03:24:23,5.972
1749716673.280479,03:24:33,5.931
1749716683.346122,03:24:43,5.953
1749716693.598335,03:24:53,5.920
1749716703.697501,03:25:03,5.901
1749716713.949372,03:25:13,5.919
1749716724.015329,03:25:24,5.938
1749716734.084242,03:25:34,5.956
1749716744.150171,03:25:44,5.965
1749716754.216289,03:25:54,5.899
1749716764.284721,03:26:04,5.962
1749716774.350632,03:26:14,5.966
1749716784.416459,03:26:24,5.952
1749716794.488404,03:26:34,5.957
1749716804.554141,03:26:44,5.944
1749716814.620106,03:26:54,5.964
1749716824.715541,03:27:04,5.896
1749716834.781359,03:27:14,5.945
1749716844.847002,03:27:24,5.940
1749716854.922627,03:27:34,5.920
1749716864.988298,03:27:44,5.956
1749716875.054127,03:27:55,5.917
1749716885.128589,03:28:05,5.949
1749716895.380436,03:28:15,5.915
1749716905.446126,03:28:25,5.915
1749716915.516808,03:28:35,5.893
1749716925.58244,03:28:45,5.973
1749716935.674405,03:28:55,5.918
1749716945.743727,03:29:05,5.943
1749716955.809686,03:29:15,5.900
1749716965.875376,03:29:25,5.940
1749716975.944306,03:29:35,5.949
1749716986.01031,03:29:46,5.917
1749716996.075944,03:29:56,5.935
1749717006.14791,03:30:06,5.913
1749717016.213958,03:30:16,5.986
1749717026.279612,03:30:26,5.919
1749717036.348131,03:30:36,5.884
1749717046.414194,03:30:46,5.956
1749717056.480291,03:30:56,5.962
1749717066.549562,03:31:06,5.884
1749717076.615314,03:31:16,5.963
1749717086.709838,03:31:26,5.888
1749717096.779205,03:31:36,5.945
1749717106.845258,03:31:46,5.954
1749717117.097363,03:31:57,5.886
1749717127.16615,03:32:07,5.903
1749717137.232095,03:32:17,5.951
1749717147.297877,03:32:27,5.909
1749717157.368359,03:32:37,5.929
1749717167.583337,03:32:47,5.903
1749717177.648992,03:32:57,5.925
1749717187.740304,03:33:07,5.906
1749717197.806156,03:33:17,5.966
1749717207.872159,03:33:27,5.896
1749717217.941073,03:33:37,5.939
1749717228.007097,03:33:48,5.940
1749717238.072901,03:33:58,5.949
1749717248.144395,03:34:08,5.948
1749717258.210307,03:34:18,5.947
1749717268.275928,03:34:28,5.900
1749717278.345876,03:34:38,5.948
1749717288.411867,03:34:48,5.888
1749717298.477427,03:34:58,5.912
1749717308.548574,03:35:08,5.956
1749717318.614604,03:35:18,5.954
1749717328.704129,03:35:28,5.917
1749717338.775626,03:35:38,5.925
1749717348.841473,03:35:48,5.931
1749717358.907209,03:35:58,5.910
1749717368.978007,03:36:08,5.922
1749717379.044115,03:36:19,5.971
1749717389.109788,03:36:29,5.914
1749717399.179936,03:36:39,5.927
1749717409.245713,03:36:49,5.934
1749717419.311515,03:36:59,5.914
1749717429.380717,03:37:09,5.908
1749717439.447315,03:37:19,5.928
1749717449.512965,03:37:29,5.878
1749717459.583966,03:37:39,5.885
1749717469.649855,03:37:49,5.932
1749717479.734138,03:37:59,5.883
1749717489.803066,03:38:09,5.853
1749717499.947579,03:38:19,5.870
1749717510.013248,03:38:30,5.925
1749717520.085273,03:38:40,5.890
1749717530.151121,03:38:50,5.864
1749717540.217117,03:39:00,5.925
1749717550.285142,03:39:10,5.896
1749717560.350933,03:39:20,5.866
1749717570.416675,03:39:30,5.872
1749717580.48772,03:39:40,5.925
1749717590.553518,03:39:50,5.929
1749717600.619154,03:40:00,5.925
1749717610.699284,03:40:10,5.914
1749717620.78118,03:40:20,5.850
1749717630.846891,03:40:30,5.924
1749717640.915087,03:40:40,5.898
1749717650.980802,03:40:50,5.894
1749717661.046479,03:41:01,5.899
1749717671.119119,03:41:11,5.875
1749717681.184946,03:41:21,5.909
1749717691.25088,03:41:31,5.873
1749717701.319078,03:41:41,5.919
1749717711.384705,03:41:51,5.855
1749717721.450488,03:42:01,5.919
1749717731.523317,03:42:11,5.925
1749717741.58917,03:42:21,5.914
1749717751.654892,03:42:31,5.848
1749717761.750707,03:42:41,5.840
1749717771.816385,03:42:51,5.895
1749717781.882373,03:43:01,5.919
1749717791.951722,03:43:11,5.905
1749717802.017484,03:43:22,5.888
1749717812.083333,03:43:32,5.890
1749717822.153108,03:43:42,5.882
1749717832.218788,03:43:52,5.859
1749717842.284672,03:44:02,5.883
1749717852.355575,03:44:12,5.887
1749717862.421453,03:44:22,5.900
1749717872.487548,03:44:32,5.911
1749717882.557036,03:44:42,5.860
1749717892.757628,03:44:52,5.846
1749717902.823517,03:45:02,5.854
1749717912.892491,03:45:12,5.877
1749717922.958142,03:45:22,5.887
1749717933.024031,03:45:33,5.886
1749717943.096464,03:45:43,5.909
1749717953.162467,03:45:53,5.857
1749717963.228389,03:46:03,5.864
1749717973.297055,03:46:13,5.867
1749717983.362867,03:46:23,5.827
1749717993.428648,03:46:33,5.854
1749718003.497076,03:46:43,5.863
1749718013.562769,03:46:53,5.884
1749718023.628832,03:47:03,5.894
1749718033.698264,03:47:13,5.799
1749718043.950391,03:47:23,5.822
1749718054.016068,03:47:34,5.829
1749718064.087162,03:47:44,5.860
1749718074.15298,03:47:54,5.838
1749718084.218701,03:48:04,5.869
1749718094.290406,03:48:14,5.841
1749718104.356176,03:48:24,5.894
1749718114.422319,03:48:34,5.895
1749718124.493828,03:48:44,5.856
1749718134.559511,03:48:54,5.842
1749718144.811398,03:49:04,5.830
1749718154.88437,03:49:14,5.862
1749718164.950151,03:49:24,5.869
1749718175.015984,03:49:35,5.869
1749718185.085767,03:49:45,5.827
1749718195.151347,03:49:55,5.845
1749718205.217214,03:50:05,5.820
1749718215.290461,03:50:15,5.804
1749718225.356111,03:50:25,5.872
1749718235.422248,03:50:35,5.794
1749718245.492311,03:50:45,5.841
1749718255.558094,03:50:55,5.827
1749718265.623961,03:51:05,5.850
1749718275.694336,03:51:15,5.865
1749718285.786335,03:51:25,5.779
1749718295.852315,03:51:35,5.851
1749718305.921873,03:51:45,5.789
1749718315.987492,03:51:55,5.828
1749718326.053437,03:52:06,5.818
1749718336.128941,03:52:16,5.838
1749718346.194801,03:52:26,5.809
1749718356.260582,03:52:36,5.826
1749718366.328922,03:52:46,5.818
1749718376.395047,03:52:56,5.858
1749718386.460927,03:53:06,5.818
1749718396.562932,03:53:16,5.809
1749718406.628693,03:53:26,5.794
1749718416.694534,03:53:36,5.799
1749718426.790629,03:53:46,5.749
1749718436.856639,03:53:56,5.855
1749718446.92236,03:54:06,5.771
1749718456.992129,03:54:16,5.864
1749718467.0582,03:54:27,5.825
1749718477.123928,03:54:37,5.827
1749718487.192469,03:54:47,5.821
1749718497.258378,03:54:57,5.826
1749718507.324297,03:55:07,5.788
1749718517.393647,03:55:17,5.841
1749718527.459474,03:55:27,5.802
1749718537.71136,03:55:37,5.780
1749718547.808428,03:55:47,5.773
1749718557.874408,03:55:57,5.805
1749718567.940476,03:56:07,5.773
1749718578.010372,03:56:18,5.806
1749718588.076061,03:56:28,5.757
1749718598.141854,03:56:38,5.831
1749718608.212582,03:56:48,5.829
1749718618.278329,03:56:58,5.818
1749718628.344093,03:57:08,5.818
1749718638.419646,03:57:18,5.771
1749718648.485533,03:57:28,5.793
1749718658.551318,03:57:38,5.809
1749718668.619921,03:57:48,5.821
1749718678.685959,03:57:58,5.810
1749718688.751562,03:58:08,5.794
1749718698.833784,03:58:18,5.760
1749718708.899472,03:58:28,5.777
1749718718.965552,03:58:38,5.780
1749718729.040862,03:58:49,5.801
1749718739.106688,03:58:59,5.826
1749718749.172474,03:59:09,5.780
1749718759.424395,03:59:19,5.747
1749718769.490132,03:59:29,5.800
1749718779.556077,03:59:39,5.754
1749718789.62499,03:59:49,5.793
1749718799.690764,03:59:59,5.824
1749718809.756539,04:00:09,5.751
1749718819.850499,04:00:19,5.738
1749718829.916395,04:00:29,5.821
1749718839.982402,04:00:39,5.743
1749718850.054058,04:00:50,5.818
1749718860.119773,04:01:00,5.772
1749718870.185391,04:01:10,5.759
1749718880.255052,04:01:20,5.748
1749718890.320644,04:01:30,5.793
1749718900.386288,04:01:40,5.779
1749718910.460116,04:01:50,5.789
1749718920.525792,04:02:00,5.716
1749718930.591857,04:02:10,5.791
1749718940.664738,04:02:20,5.741
1749718950.730534,04:02:30,5.723
1749718960.816556,04:02:40,5.760
1749718970.887435,04:02:50,5.721
1749718980.952972,04:03:00,5.765
1749718991.01876,04:03:11,5.738
1749719001.090839,04:03:21,5.771
1749719011.156645,04:03:31,5.724
1749719021.222394,04:03:41,5.752
1749719031.29156,04:03:51,5.744
1749719041.357518,04:04:01,5.707
1749719051.423265,04:04:11,5.771
1749719061.491538,04:04:21,5.767
1749719071.557296,04:04:31,5.760
1749719081.62298,04:04:41,5.734
1749719091.693186,04:04:51,5.732
1749719101.759103,04:05:01,5.756
1749719111.843772,04:05:11,5.685
1749719121.912808,04:05:21,5.720
1749719131.978527,04:05:31,5.728
1749719142.044442,04:05:42,5.738
1749719152.116459,04:05:52,5.701
1749719162.182389,04:06:02,5.727
1749719172.248274,04:06:12,5.745
1749719182.317118,04:06:22,5.718
1749719192.383182,04:06:32,5.700
1749719202.449689,04:06:42,5.729
1749719212.519238,04:06:52,5.663
1749719222.585054,04:07:02,5.718
1749719232.650943,04:07:12,5.668
1749719242.721141,04:07:22,5.709
1749719252.786753,04:07:32,5.728
1749719262.888561,04:07:42,5.653
1749719272.958199,04:07:52,5.729
1749719283.02385,04:08:03,5.724
1749719293.089464,04:08:13,5.697
1749719303.158738,04:08:23,5.684
1749719313.224652,04:08:33,5.715
1749719323.2903,04:08:43,5.696
1749719333.362547,04:08:53,5.633
1749719343.428462,04:09:03,5.704
1749719353.494449,04:09:13,5.710
1749719363.746357,04:09:23,5.658
1749719373.812221,04:09:33,5.696
1749719383.89742,04:09:43,5.621
1749719393.966411,04:09:53,5.617
1749719404.032199,04:10:04,5.657
1749719414.098144,04:10:14,5.687
1749719424.170579,04:10:24,5.682
1749719434.236333,04:10:34,5.667
1749719444.30202,04:10:44,5.661
1749719454.370569,04:10:54,5.664
1749719464.622546,04:11:04,5.615
1749719474.688629,04:11:14,5.685
1749719484.762522,04:11:24,5.680
1749719494.828299,04:11:34,5.631
1749719504.907315,04:11:44,5.599
1749719514.984319,04:11:54,5.637
1749719525.050354,04:12:05,5.658
1749719535.116091,04:12:15,5.617
1749719545.18516,04:12:25,5.663
1749719555.251831,04:12:35,5.612
1749719565.317731,04:12:45,5.640
1749719575.388207,04:12:55,5.635
1749719585.453856,04:13:05,5.649
1749719595.519585,04:13:15,5.646
1749719605.593777,04:13:25,5.637
1749719615.659416,04:13:35,5.639
1749719625.725114,04:13:45,5.635
1749719635.792982,04:13:55,5.630
1749719645.858797,04:14:05,5.650
1749719655.945169,04:14:15,5.562
1749719666.020041,04:14:26,5.569
1749719676.085921,04:14:36,5.579
1749719686.151817,04:14:46,5.609
1749719696.223728,04:14:56,5.607
1749719706.289839,04:15:06,5.568
1749719716.355631,04:15:16,5.602
1749719726.424238,04:15:26,5.597
1749719736.489903,04:15:36,5.546
1749719746.555735,04:15:46,5.582
1749719756.625766,04:15:56,5.626
1749719766.691792,04:16:06,5.622
1749719776.757409,04:16:16,5.579
1749719786.826208,04:16:26,5.633
1749719796.925873,04:16:36,5.545
1749719806.991803,04:16:46,5.603
1749719817.061333,04:16:57,5.567
1749719827.127322,04:17:07,5.525
1749719837.193084,04:17:17,5.605
1749719847.262689,04:17:27,5.513
1749719857.328329,04:17:37,5.537
1749719867.394462,04:17:47,5.606
1749719877.466284,04:17:57,5.525
1749719887.532024,04:18:07,5.555
1749719897.598104,04:18:17,5.583
1749719907.666654,04:18:27,5.576
1749719917.732241,04:18:37,5.556
1749719927.798297,04:18:47,5.529
1749719937.867874,04:18:57,5.566
1749719947.952862,04:19:07,5.502
1749719958.018381,04:19:18,5.534
1749719968.086875,04:19:28,5.538
1749719978.152554,04:19:38,5.481
1749719988.218405,04:19:48,5.533
1749719998.287825,04:19:58,5.465
1749720008.353509,04:20:08,5.478
1749720018.419302,04:20:18,5.465
1749720028.495095,04:20:28,5.533
1749720038.560642,04:20:38,5.516
1749720048.626524,04:20:48,5.508
1749720058.697247,04:20:58,5.478
1749720068.76311,04:21:08,5.499
1749720078.828769,04:21:18,5.500
1749720088.909076,04:21:28,5.425
1749720098.988155,04:21:38,5.448
1749720109.053968,04:21:49,5.433
1749720119.123625,04:21:59,5.469
1749720129.189923,04:22:09,5.495
1749720139.25551,04:22:19,5.397
1749720149.323424,04:22:29,5.381
1749720159.389302,04:22:39,5.399
1749720169.45523,04:22:49,5.418
1749720179.528888,04:22:59,5.458
1749720189.594667,04:23:09,5.447
1749720199.660451,04:23:19,5.387
1749720209.732138,04:23:29,5.424
1749720219.798166,04:23:39,5.427
1749720229.864017,04:23:49,5.376
1749720239.964388,04:23:59,5.352
1749720250.030383,04:24:10,5.399
1749720260.096069,04:24:20,5.375
1749720270.165452,04:24:30,5.412
1749720280.231143,04:24:40,5.376
1749720290.296763,04:24:50,5.352
1749720300.368751,04:25:00,5.328
1749720310.434592,04:25:10,5.351
1749720320.500453,04:25:20,5.388
1749720330.574824,04:25:30,5.381
1749720340.826417,04:25:40,5.337
1749720350.892206,04:25:50,5.377
1749720360.982729,04:26:00,5.318
1749720371.048484,04:26:11,5.368
1749720381.114182,04:26:21,5.331
1749720391.1899,04:26:31,5.367
1749720401.255817,04:26:41,5.371
1749720411.321541,04:26:51,5.355
1749720421.392018,04:27:01,5.341
1749720431.45787,04:27:11,5.332
1749720441.523538,04:27:21,5.327
1749720451.593893,04:27:31,5.333
1749720461.659724,04:27:41,5.318
1749720471.725616,04:27:51,5.333
1749720481.80098,04:28:01,5.351
1749720491.866812,04:28:11,5.356
1749720501.932477,04:28:21,5.335
1749720512.018075,04:28:32,5.278
1749720522.270381,04:28:42,5.251
1749720532.336041,04:28:52,5.322
1749720542.405093,04:29:02,5.301
1749720552.470869,04:29:12,5.253
1749720562.536831,04:29:22,5.287
1749720572.607535,04:29:32,5.281
1749720582.673445,04:29:42,5.290
1749720592.739246,04:29:52,5.283
1749720602.809602,04:30:02,5.200
1749720612.875368,04:30:12,5.271
1749720622.94131,04:30:22,5.278
1749720633.036046,04:30:33,5.182
1749720643.1021,04:30:43,5.244
1749720653.167766,04:30:53,5.176
1749720663.241355,04:31:03,5.239
1749720673.307136,04:31:13,5.209
1749720683.373019,04:31:23,5.171
1749720693.442625,04:31:33,5.204
1749720703.508377,04:31:43,5.169
1749720713.573965,04:31:53,5.159
1749720723.64771,04:32:03,5.188
1749720733.713663,04:32:13,5.144
1749720743.779529,04:32:23,5.153
1749720753.852291,04:32:33,5.171
1749720763.918041,04:32:43,5.198
1749720773.993938,04:32:53,5.173
1749720784.088527,04:33:04,5.163
1749720794.154142,04:33:14,5.192
1749720804.220054,04:33:24,5.156
1749720814.288582,04:33:34,5.119
1749720824.354264,04:33:44,5.168
1749720834.420318,04:33:54,5.181
1749720844.491009,04:34:04,5.165
1749720854.556936,04:34:14,5.193
1749720864.622691,04:34:24,5.142
1749720874.698872,04:34:34,5.102
1749720884.764701,04:34:44,5.126
1749720894.830289,04:34:54,5.111
1749720904.900035,04:35:04,5.181
1749720914.965794,04:35:14,5.164
1749720925.068045,04:35:25,5.106
1749720935.137021,04:35:35,5.173
1749720945.20292,04:35:45,5.185
1749720955.268582,04:35:55,5.160
1749720965.344452,04:36:05,5.095
1749720975.410237,04:36:15,5.157
1749720985.475912,04:36:25,5.094
1749720995.549357,04:36:35,5.126
1749721005.615219,04:36:45,5.147
1749721015.681207,04:36:55,5.151
1749721025.751692,04:37:05,5.147
1749721035.81755,04:37:15,5.178
1749721045.883176,04:37:25,5.143
1749721055.955372,04:37:35,5.156
1749721066.033538,04:37:46,5.096
1749721076.120724,04:37:56,5.104
1749721086.192358,04:38:06,5.180
1749721096.258051,04:38:16,5.141
1749721106.323748,04:38:26,5.160
1749721116.398318,04:38:36,5.089
1749721126.609008,04:38:46,5.102
1749721136.674936,04:38:56,5.109
1749721146.745166,04:39:06,5.096
1749721156.810829,04:39:16,5.118
1749721166.876874,04:39:26,5.149
1749721176.945496,04:39:36,5.131
1749721187.011179,04:39:47,5.161
1749721197.101683,04:39:57,5.089
1749721207.170675,04:40:07,5.102
1749721217.236609,04:40:17,5.086
1749721227.302528,04:40:27,5.177
1749721237.459152,04:40:37,5.094
1749721247.524796,04:40:47,5.139
1749721257.590439,04:40:57,5.140
1749721267.661141,04:41:07,5.078
1749721277.726994,04:41:17,5.153
1749721287.792838,04:41:27,5.080
1749721297.862151,04:41:37,5.104
1749721307.92773,04:41:47,5.096
1749721317.993378,04:41:57,5.087
1749721328.081711,04:42:08,5.057
1749721338.148982,04:42:18,5.085
1749721348.214535,04:42:28,5.064
1749721358.286355,04:42:38,5.114
1749721368.352103,04:42:48,5.078
1749721378.418015,04:42:58,5.068
1749721388.488063,04:43:08,5.132
1749721398.553787,04:43:18,5.117
1749721408.619452,04:43:28,5.136
1749721418.689888,04:43:38,5.101
1749721428.755524,04:43:48,5.144
1749721438.821572,04:43:58,5.084
1749721448.895199,04:44:08,5.060
1749721458.961318,04:44:18,5.128
1749721469.026957,04:44:29,5.070
1749721479.134444,04:44:39,5.062
1749721489.200185,04:44:49,5.081
1749721499.265892,04:44:59,5.123
1749721509.340731,04:45:09,5.075
1749721519.406327,04:45:19,5.106
1749721529.472296,04:45:29,5.106
1749721539.542756,04:45:39,5.097
1749721549.608638,04:45:49,5.113
1749721559.674246,04:45:59,5.101
1749721569.743561,04:46:09,5.062
1749721579.809458,04:46:19,5.094
1749721589.875403,04:46:29,5.113
1749721599.944313,04:46:39,5.114
1749721610.010123,04:46:50,5.121
1749721620.090669,04:47:00,5.027
1749721630.173331,04:47:10,5.049
1749721640.239074,04:47:20,5.103
1749721650.304753,04:47:30,5.086
1749721660.372981,04:47:40,5.039
1749721670.43871,04:47:50,5.068
1749721680.504447,04:48:00,5.057
1749721690.572775,04:48:10,5.073
1749721700.638654,04:48:20,5.104
1749721710.704489,04:48:30,5.095
1749721720.956367,04:48:40,5.043
1749721731.022146,04:48:51,5.066
1749721741.11285,04:49:01,5.050
1749721751.187955,04:49:11,5.086
1749721761.253553,04:49:21,5.107
1749721771.319708,04:49:31,5.134
1749721781.389324,04:49:41,5.079
1749721791.455207,04:49:51,5.117
1749721801.520968,04:50:01,5.099
1749721811.59244,04:50:11,5.054
1749721821.658075,04:50:21,5.112
1749721831.724166,04:50:31,5.058
1749721841.794077,04:50:41,5.089
1749721851.85996,04:50:51,5.107
1749721861.926014,04:51:01,5.098
1749721871.996253,04:51:11,5.100
1749721882.062074,04:51:22,5.088
1749721892.314407,04:51:32,5.024
1749721902.383271,04:51:42,5.040
1749721912.449084,04:51:52,5.070
1749721922.515095,04:52:02,5.094
1749721932.584268,04:52:12,5.091
1749721942.650026,04:52:22,5.085
1749721952.716536,04:52:32,5.109
1749721962.787483,04:52:42,5.114
1749721972.853332,04:52:52,5.101
1749721982.919333,04:53:02,5.095
1749721992.992484,04:53:12,5.052
1749722003.058097,04:53:23,5.111
1749722013.145128,04:53:33,5.046
1749722023.221673,04:53:43,5.043
1749722033.287294,04:53:53,5.097
1749722043.35334,04:54:03,5.102
1749722053.425833,04:54:13,5.050
1749722063.491655,04:54:23,5.030
1749722073.557488,04:54:33,5.049
1749722083.625748,04:54:43,5.107
1749722093.691392,04:54:53,5.063
1749722103.820229,04:55:03,5.029
1749722113.888961,04:55:13,5.054
1749722123.954975,04:55:23,5.107
1749722134.020923,04:55:34,5.048
1749722144.089844,04:55:44,5.042
1749722154.186392,04:55:54,5.023
1749722164.252102,04:56:04,5.062
1749722174.320737,04:56:14,5.083
1749722184.386593,04:56:24,5.071
1749722194.452448,04:56:34,5.068
1749722204.52418,04:56:44,5.086
1749722214.77641,04:56:54,5.046
1749722224.842546,04:57:04,5.106
1749722234.911017,04:57:14,5.074
1749722244.977612,04:57:24,5.079
1749722255.04336,04:57:35,5.064
1749722265.116591,04:57:45,5.065
1749722275.202656,04:57:55,5.029
1749722285.268746,04:58:05,5.099
1749722295.337403,04:58:15,5.011
1749722305.403021,04:58:25,5.041
1749722315.468617,04:58:35,5.031
1749722325.540103,04:58:45,5.061
1749722335.792372,04:58:55,5.015
1749722345.858052,04:59:05,5.071
1749722355.929193,04:59:15,5.101
1749722365.995042,04:59:25,5.105
1749722376.06084,04:59:36,5.026
1749722386.132203,04:59:46,5.060
1749722396.211935,04:59:56,5.038
1749722406.277824,05:00:06,5.082
1749722416.351278,05:00:16,5.065
1749722426.417355,05:00:26,5.104
1749722436.483211,05:00:36,5.078
1749722446.551623,05:00:46,5.037
1749722456.617513,05:00:56,5.080
1749722466.68322,05:01:06,5.051
1749722476.757598,05:01:16,5.079
1749722486.82332,05:01:26,5.098
1749722496.888999,05:01:36,5.058
1749722506.964199,05:01:46,5.012
1749722517.029832,05:01:57,5.092
1749722527.095587,05:02:07,5.031
1749722537.172494,05:02:17,5.082
1749722547.254569,05:02:27,4.999
1749722557.320538,05:02:37,5.061
1749722567.388808,05:02:47,5.071
1749722577.454944,05:02:57,5.051
1749722587.520856,05:03:07,5.026
1749722597.591187,05:03:17,5.053
1749722607.65743,05:03:27,5.019
1749722617.723183,05:03:37,5.004
1749722627.792978,05:03:47,5.057
1749722637.858746,05:03:57,5.074
1749722647.924679,05:04:07,5.040
1749722657.99483,05:04:17,4.984
1749722668.060577,05:04:28,5.057
1749722678.126338,05:04:38,5.032
1749722688.227063,05:04:48,5.017
1749722698.292941,05:04:58,5.013
1749722708.35875,05:05:08,4.997
1749722718.434786,05:05:18,5.029
1749722728.50057,05:05:28,4.994
1749722738.704654,05:05:38,5.013
1749722748.778039,05:05:48,5.040
1749722758.843853,05:05:58,5.065
1749722768.909727,05:06:08,5.030
1749722778.978295,05:06:18,5.072
1749722789.044264,05:06:29,5.047
1749722799.110029,05:06:39,5.009
1749722809.182739,05:06:49,4.991
1749722819.265149,05:06:59,4.996
1749722829.331322,05:07:09,5.051
1749722839.402048,05:07:19,5.015
1749722849.467694,05:07:29,5.060
1749722859.533813,05:07:39,5.008
1749722869.602175,05:07:49,5.061
1749722879.668245,05:07:59,4.984
1749722889.733936,05:08:09,4.987
1749722899.806587,05:08:19,5.040
1749722909.872247,05:08:29,5.055
1749722919.937993,05:08:39,5.027
1749722930.010674,05:08:50,5.018
1749722940.076478,05:09:00,5.058
1749722950.142568,05:09:10,5.041
1749722960.227646,05:09:20,4.973
1749722970.302874,05:09:30,5.002
1749722980.368624,05:09:40,5.009
1749722990.438064,05:09:50,5.026
1749723000.50374,05:10:00,5.065
1749723010.569821,05:10:10,5.011
1749723020.640707,05:10:20,4.989
1749723030.706474,05:10:30,5.028
1749723040.772392,05:10:40,4.998
1749723050.841945,05:10:50,5.059
1749723060.907865,05:11:00,5.059
1749723070.973608,05:11:10,5.021
1749723081.043554,05:11:21,5.065
1749723091.109746,05:11:31,5.041
1749723101.175249,05:11:41,5.032
1749723111.27605,05:11:51,4.991
1749723121.341825,05:12:01,5.006
1749723131.407837,05:12:11,5.060
1749723141.476825,05:12:21,5.051
1749723151.542531,05:12:31,5.035
1749723161.608492,05:12:41,5.037
1749723171.677452,05:12:51,4.983
1749723181.743226,05:13:01,4.994
1749723191.809326,05:13:11,5.055
1749723201.877293,05:13:21,5.038
1749723212.129397,05:13:32,5.000
1749723222.195387,05:13:42,5.038
1749723232.296367,05:13:52,5.015
1749723242.36205,05:14:02,5.042
1749723252.42768,05:14:12,5.054
1749723262.496371,05:14:22,5.017
1749723272.562427,05:14:32,4.983
1749723282.628402,05:14:42,5.038
1749723292.698489,05:14:52,5.060
1749723302.764166,05:15:02,5.058
1749723312.830112,05:15:12,5.048
1749723322.899916,05:15:22,5.039
1749723332.96568,05:15:32,5.027
1749723343.031476,05:15:43,5.052
1749723353.102329,05:15:53,4.993
1749723363.168198,05:16:03,5.047
1749723373.233853,05:16:13,5.037
1749723383.319705,05:16:23,4.989
1749723393.385387,05:16:33,5.038
1749723403.451165,05:16:43,5.057
1749723413.527066,05:16:53,4.988
1749723423.593041,05:17:03,5.018
1749723433.658761,05:17:13,4.986
1749723443.729789,05:17:23,5.033
1749723453.795552,05:17:33,5.046
1749723463.86193,05:17:43,4.997
1749723473.930911,05:17:53,5.045
1749723483.99693,05:18:03,5.042
1749723494.06268,05:18:14,5.012
1749723504.131457,05:18:24,5.030
1749723514.197249,05:18:34,5.054
1749723524.268872,05:18:44,4.975
1749723534.365037,05:18:54,4.992
1749723544.433786,05:19:04,5.036
1749723554.499325,05:19:14,5.047
1749723564.572099,05:19:24,4.990
1749723574.638,05:19:34,5.066
1749723584.703968,05:19:44,5.056
1749723594.772121,05:19:54,5.032
1749723604.838063,05:20:04,5.048
1749723614.903697,05:20:14,5.035
1749723624.973953,05:20:24,4.973
1749723635.039529,05:20:35,4.992
1749723645.105489,05:20:45,5.063
1749723655.1734,05:20:55,5.046
1749723665.23917,05:21:05,5.066
1749723675.331421,05:21:15,4.987
1749723685.400415,05:21:25,5.008
1749723695.465939,05:21:35,5.022
1749723705.531614,05:21:45,4.987
1749723715.733668,05:21:55,4.986
1749723725.79937,05:22:05,5.041
1749723735.865249,05:22:15,5.048
1749723745.934569,05:22:25,5.032
1749723756.000387,05:22:36,5.035
1749723766.066098,05:22:46,5.019
1749723776.138087,05:22:56,4.999
1749723786.2038,05:23:06,5.044
1749723796.269566,05:23:16,5.041
1749723806.358661,05:23:26,4.992
1749723816.424269,05:23:36,4.967
1749723826.490263,05:23:46,5.050
1749723836.562081,05:23:56,5.022
1749723846.627868,05:24:06,5.009
1749723856.693469,05:24:16,4.967
1749723866.945369,05:24:26,4.962
1749723877.011321,05:24:37,4.983
1749723887.077072,05:24:47,5.040
1749723897.329629,05:24:57,5.005
1749723907.395139,05:25:07,4.988
1749723917.460976,05:25:17,4.975
1749723927.534959,05:25:27,5.004
1749723937.600731,05:25:37,5.027
1749723947.666639,05:25:47,4.980
1749723957.743068,05:25:57,4.985
1749723967.808791,05:26:07,5.011
1749723977.874652,05:26:17,5.044
1749723987.943684,05:26:27,5.020
1749723998.009483,05:26:38,5.015
1749724008.075049,05:26:48,4.990
1749724018.147888,05:26:58,4.986
1749724028.33497,05:27:08,5.036
1749724038.587509,05:27:18,4.968
1749724048.656385,05:27:28,4.992
1749724058.722027,05:27:38,5.036
1749724068.787659,05:27:48,5.041
1749724078.859243,05:27:58,4.971
1749724088.924903,05:28:08,5.010
1749724098.990533,05:28:18,5.033
1749724109.059336,05:28:29,5.025
1749724119.124936,05:28:39,4.974
1749724129.190603,05:28:49,5.017
1749724139.259511,05:28:59,5.030
1749724149.325296,05:29:09,5.003
1749724159.408819,05:29:19,4.957
1749724169.477616,05:29:29,4.989
1749724179.543593,05:29:39,5.009
1749724189.609531,05:29:49,4.971
1749724199.730027,05:29:59,4.976
1749724209.796515,05:30:09,4.999
1749724219.862359,05:30:19,4.943
1749724229.932884,05:30:29,4.982
1749724239.998798,05:30:39,5.021
1749724250.064644,05:30:50,4.945
1749724260.134723,05:31:00,4.993
1749724270.200556,05:31:10,4.990
1749724280.266242,05:31:20,4.971
1749724290.334256,05:31:30,4.986
1749724300.424328,05:31:40,4.921
1749724310.490658,05:31:50,5.027
1749724320.559027,05:32:00,5.003
1749724330.624747,05:32:10,5.000
1749724340.690909,05:32:20,4.992
1749724350.765907,05:32:30,4.944
1749724360.831523,05:32:40,5.002
1749724370.897378,05:32:50,5.005
1749724380.968543,05:33:00,4.986
1749724391.034594,05:33:11,4.994
1749724401.100238,05:33:21,4.964
1749724411.170381,05:33:31,4.981
1749724421.236228,05:33:41,5.008
1749724431.302102,05:33:51,5.008
1749724441.374899,05:34:01,4.953
1749724451.627362,05:34:11,4.959
1749724461.693039,05:34:21,5.026
1749724471.764175,05:34:31,5.008
1749724481.830099,05:34:41,4.960
1749724491.895967,05:34:51,4.985
1749724501.966636,05:35:01,5.025
1749724512.032624,05:35:12,4.948
1749724522.098507,05:35:22,4.979
1749724532.16833,05:35:32,5.028
1749724542.234203,05:35:42,5.030
1749724552.301454,05:35:52,5.021
1749724562.375396,05:36:02,5.021
1749724572.458157,05:36:12,4.947
1749724582.523981,05:36:22,5.006
1749724592.592473,05:36:32,5.012
1749724602.65844,05:36:42,5.007
1749724612.725238,05:36:52,5.005
1749724622.793712,05:37:02,5.006
1749724632.859504,05:37:12,5.005
1749724642.925519,05:37:22,4.940
1749724652.996932,05:37:32,4.906
1749724663.062805,05:37:43,5.005
1749724673.128554,05:37:53,4.994
1749724683.203978,05:38:03,4.961
1749724693.269699,05:38:13,5.006
1749724703.335574,05:38:23,4.986
1749724713.409054,05:38:33,4.940
1749724723.49744,05:38:43,4.929
1749724733.563032,05:38:53,4.961
1749724743.637709,05:39:03,4.950
1749724753.703577,05:39:13,5.009
1749724763.769294,05:39:23,4.949
1749724773.842459,05:39:33,4.932
1749724783.908131,05:39:43,4.953
1749724793.974027,05:39:53,5.009
1749724804.047839,05:40:04,4.957
1749724814.113863,05:40:14,5.000
1749724824.179587,05:40:24,4.928
1749724834.249093,05:40:34,4.971
1749724844.314908,05:40:44,5.006
1749724854.38061,05:40:54,4.941
1749724864.474224,05:41:04,4.951
1749724874.540108,05:41:14,4.970
1749724884.605878,05:41:24,4.950
1749724894.682402,05:41:34,4.969
1749724904.934369,05:41:44,4.950
1749724915.000042,05:41:55,4.997
1749724925.070375,05:42:05,4.970
1749724935.136295,05:42:15,4.964
1749724945.202332,05:42:25,5.005
1749724955.273283,05:42:35,4.977
1749724965.339067,05:42:45,4.985
1749724975.404851,05:42:55,4.953
1749724985.502274,05:43:05,4.914
1749724995.568248,05:43:15,5.009
1749725005.634084,05:43:25,4.969
1749725015.704325,05:43:35,4.902
1749725025.770099,05:43:45,4.962
1749725035.835988,05:43:55,4.999
1749725045.905379,05:44:05,4.962
1749725055.971384,05:44:15,4.990
1749725066.037144,05:44:26,4.953
1749725076.105658,05:44:36,4.988
1749725086.171318,05:44:46,4.992
1749725096.237092,05:44:56,4.939
1749725106.311196,05:45:06,4.943
1749725116.377065,05:45:16,4.987
1749725126.442793,05:45:26,4.939
1749725136.549721,05:45:36,4.932
1749725146.615516,05:45:46,4.970
1749725156.681581,05:45:56,5.010
1749725166.751538,05:46:06,4.985
1749725176.81751,05:46:16,4.929
1749725186.883145,05:46:26,4.937
1749725196.953895,05:46:36,4.987
1749725207.019723,05:46:47,4.992
1749725217.085436,05:46:57,4.990
1749725227.160126,05:47:07,5.006
1749725237.225845,05:47:17,5.011
1749725247.291578,05:47:27,4.969
1749725257.36557,05:47:37,4.954
1749725267.431272,05:47:47,4.993
1749725277.509777,05:47:57,4.956
1749725287.592341,05:48:07,4.952
1749725297.658093,05:48:17,4.993
1749725307.724315,05:48:27,4.942
1749725317.796556,05:48:37,4.972
1749725327.862496,05:48:47,4.998
1749725337.928138,05:48:57,4.997
1749725347.99762,05:49:07,4.963
1749725358.234011,05:49:18,4.933
1749725368.300025,05:49:28,4.999
1749725378.369004,05:49:38,4.968
1749725388.434875,05:49:48,4.995
1749725398.500381,05:49:58,4.977
1749725408.588249,05:50:08,4.941
1749725418.654018,05:50:18,4.965
1749725428.720066,05:50:28,5.001
1749725438.790754,05:50:38,4.974
1749725448.85678,05:50:48,5.004
1749725458.922539,05:50:58,4.961
1749725468.997571,05:51:08,4.991
1749725479.063579,05:51:19,4.962
1749725489.129289,05:51:29,4.935
1749725499.202173,05:51:39,4.979
1749725509.268059,05:51:49,4.952
1749725519.33375,05:51:59,4.936
1749725529.40273,05:52:09,5.005
1749725539.468446,05:52:19,4.924
1749725549.542986,05:52:29,4.948
1749725559.795367,05:52:39,4.936
1749725569.861255,05:52:49,4.995
1749725579.926988,05:52:59,4.979
1749725589.995784,05:53:09,4.988
1749725600.061485,05:53:20,4.989
1749725610.127201,05:53:30,4.985
1749725620.197764,05:53:40,4.970
1749725630.263568,05:53:50,4.991
1749725640.329279,05:54:00,4.956
1749725650.399927,05:54:10,5.001
1749725660.465581,05:54:20,4.988
1749725670.531371,05:54:30,4.936
1749725680.62702,05:54:40,4.921
1749725690.692557,05:54:50,5.000
1749725700.758315,05:55:00,4.961
1749725710.828263,05:55:10,4.981
1749725720.943307,05:55:20,4.970
1749725731.00938,05:55:31,4.944
1749725741.081359,05:55:41,4.951
1749725751.147302,05:55:51,4.989
1749725761.213267,05:56:01,5.009
1749725771.286898,05:56:11,4.956
1749725781.352554,05:56:21,4.968
1749725791.418385,05:56:31,4.941
1749725801.491855,05:56:41,4.959
1749725811.557911,05:56:51,4.982
1749725821.6437,05:57:01,4.910
1749725831.712388,05:57:11,4.986
1749725841.778031,05:57:21,4.978
1749725851.843803,05:57:31,4.922
1749725862.095353,05:57:42,4.913
1749725872.161097,05:57:52,4.976
1749725882.226892,05:58:02,4.970
1749725892.295023,05:58:12,4.982
1749725902.360761,05:58:22,4.935
1749725912.426617,05:58:32,4.925
1749725922.499517,05:58:42,4.965
1749725932.565312,05:58:52,4.959
1749725942.817392,05:59:02,4.926
1749725952.886964,05:59:12,4.947
1749725962.952969,05:59:22,4.995
1749725973.018855,05:59:33,4.983
1749725983.087919,05:59:43,4.976
1749725993.153802,05:59:53,4.974
1749726003.219606,06:00:03,4.992
1749726013.292299,06:00:13,4.964
1749726023.358084,06:00:23,4.956
1749726033.424029,06:00:33,4.982
1749726043.491827,06:00:43,4.970
1749726053.557501,06:00:53,4.986
1749726063.645593,06:01:03,4.904
1749726073.714339,06:01:13,4.942
1749726083.780216,06:01:23,4.991
1749726093.845897,06:01:33,4.975
1749726103.915827,06:01:43,4.916
1749726113.981674,06:01:53,4.946
1749726124.047637,06:02:04,4.985
1749726134.115904,06:02:14,4.963
1749726144.18197,06:02:24,4.989
1749726154.247692,06:02:34,4.958
1749726164.320105,06:02:44,4.932
1749726174.385755,06:02:54,4.973
1749726184.45178,06:03:04,4.965
1749726194.521352,06:03:14,4.895
1749726204.587008,06:03:24,4.939
1749726214.677631,06:03:34,4.941
1749726224.748235,06:03:44,4.978
1749726234.8138,06:03:54,4.967
1749726244.879642,06:04:04,4.955
1749726254.951331,06:04:14,4.972
1749726265.017176,06:04:25,5.004
1749726275.082984,06:04:35,4.971
1749726285.156591,06:04:45,4.934
1749726295.22226,06:04:55,4.980
1749726305.28861,06:05:05,4.923
1749726315.362512,06:05:15,4.945
1749726325.42814,06:05:25,4.917
1749726335.494274,06:05:35,4.975
1749726345.562726,06:05:45,4.917
1749726355.628564,06:05:55,4.974
1749726365.71534,06:06:05,4.911
1749726375.789126,06:06:15,4.912
1749726385.854789,06:06:25,4.968
1749726395.920482,06:06:35,4.938
1749726405.994275,06:06:45,4.911
1749726416.060008,06:06:56,4.969
1749726426.125801,06:07:06,4.968
1749726436.193767,06:07:16,4.974
1749726446.259465,06:07:26,4.931
1749726456.325203,06:07:36,5.000
1749726466.394971,06:07:46,4.962
1749726476.460682,06:07:56,4.978
1749726486.526342,06:08:06,4.910
1749726496.597887,06:08:16,4.978
1749726506.663617,06:08:26,4.915
1749726516.752143,06:08:36,4.927
1749726526.824639,06:08:46,4.976
1749726536.890576,06:08:56,4.965
1749726546.956294,06:09:06,4.958
1749726557.02475,06:09:17,4.940
1749726567.272991,06:09:27,4.910
1749726577.338699,06:09:37,4.973
1749726587.407149,06:09:47,4.930
1749726597.472874,06:09:57,4.965
1749726607.538751,06:10:07,4.928
1749726617.607599,06:10:17,4.911
1749726627.673271,06:10:27,4.956
1749726637.754452,06:10:37,4.926
1749726647.823665,06:10:47,4.955
1749726657.889488,06:10:57,5.006
1749726667.955221,06:11:07,4.968
1749726678.029016,06:11:18,4.935
1749726688.094684,06:11:28,4.967
1749726698.160514,06:11:38,4.959
1749726708.234136,06:11:48,4.992
1749726718.299837,06:11:58,4.995
1749726728.365682,06:12:08,4.962
1749726738.434533,06:12:18,4.987
1749726748.500273,06:12:28,4.935
1749726758.566086,06:12:38,4.978
1749726768.637069,06:12:48,4.944
1749726778.702842,06:12:58,4.965
1749726788.790228,06:13:08,4.915
1749726798.858583,06:13:18,4.966
1749726808.924267,06:13:28,4.986
1749726818.989888,06:13:38,4.940
1749726829.065656,06:13:49,4.919
1749726839.135343,06:13:59,4.939
1749726849.201049,06:14:09,4.960
1749726859.272945,06:14:19,4.962
1749726869.33907,06:14:29,4.973
1749726879.404825,06:14:39,4.958
1749726889.474811,06:14:49,4.962
1749726899.540704,06:14:59,4.935
1749726909.606525,06:15:09,4.916
1749726919.676876,06:15:19,4.958
1749726929.762318,06:15:29,4.918
1749726939.829871,06:15:39,4.923
1749726949.903945,06:15:49,4.973
1749726959.969721,06:15:59,4.960
1749726970.035743,06:16:10,4.959
1749726980.108667,06:16:20,4.967
1749726990.174271,06:16:30,4.964
1749727000.240055,06:16:40,4.962
1749727010.313347,06:16:50,4.941
1749727020.379075,06:17:00,4.987
1749727030.444938,06:17:10,4.976
1749727040.515261,06:17:20,4.945
1749727050.580984,06:17:30,4.939
1749727060.64687,06:17:40,4.957
1749727070.717979,06:17:50,4.925
1749727080.808583,06:18:00,4.908
1749727090.874226,06:18:10,4.947
1749727100.949308,06:18:20,4.892
1749727111.015135,06:18:31,4.943
1749727121.080835,06:18:41,4.948
1749727131.14897,06:18:51,4.963
1749727141.215459,06:19:01,4.972
1749727151.281168,06:19:11,4.929
1749727161.353683,06:19:21,4.872
1749727171.419589,06:19:31,4.957
1749727181.485357,06:19:41,4.945
1749727191.557713,06:19:51,4.944
1749727201.623915,06:20:01,4.974
1749727211.689731,06:20:11,4.948
1749727221.757626,06:20:21,4.898
1749727231.842732,06:20:31,4.902
1749727241.908527,06:20:41,4.960
1749727251.977028,06:20:51,4.904
1749727262.042686,06:21:02,4.962
1749727272.108282,06:21:12,4.932
1749727282.178447,06:21:22,4.916
1749727292.244172,06:21:32,4.965
1749727302.309984,06:21:42,4.933
1749727312.403128,06:21:52,4.904
1749727322.470769,06:22:02,4.958
1749727332.536482,06:22:12,4.918
1749727342.602313,06:22:22,4.956
1749727352.668038,06:22:32,4.939
1749727362.733829,06:22:42,4.944
1749727372.819055,06:22:52,4.916
1749727382.891753,06:23:02,4.885
1749727392.957523,06:23:12,4.918
1749727403.023352,06:23:23,4.919
1749727413.089465,06:23:33,4.952
1749727423.155103,06:23:43,4.937
1749727433.221074,06:23:53,4.955
1749727443.287393,06:24:03,4.880
1749727453.353367,06:24:13,4.952
1749727463.419152,06:24:23,4.962
1749727473.484968,06:24:33,4.911
1749727483.550692,06:24:43,4.922
1749727493.616455,06:24:53,4.920
1749727503.682281,06:25:03,4.905
1749727513.748299,06:25:13,4.902
1749727523.823827,06:25:23,4.875
1749727533.908838,06:25:33,4.910
1749727543.974783,06:25:43,4.906
1749727554.044116,06:25:54,4.956
1749727564.109761,06:26:04,4.954
1749727574.175863,06:26:14,4.932
1749727584.241962,06:26:24,4.983
1749727594.307637,06:26:34,4.944
1749727604.373956,06:26:44,4.958
1749727614.439787,06:26:54,4.947
1749727624.505994,06:27:04,4.901
1749727634.571754,06:27:14,4.963
1749727644.637644,06:27:24,4.947
1749727654.703483,06:27:34,4.891
1749727664.769295,06:27:44,4.958
1749727674.845371,06:27:54,4.943
1749727684.9327,06:28:04,4.890
1749727694.998492,06:28:14,4.888
1749727705.064366,06:28:25,4.926
1749727715.130191,06:28:35,4.900
1749727725.195893,06:28:45,4.942
1749727735.26196,06:28:55,4.955
1749727745.327774,06:29:05,4.942
1749727755.393807,06:29:15,4.900
1749727765.459873,06:29:25,4.944
1749727775.525638,06:29:35,4.898
1749727785.591367,06:29:45,4.950
1749727795.657072,06:29:55,4.929
1749727805.723105,06:30:05,4.933
1749727815.788995,06:30:15,4.951
1749727825.855011,06:30:25,4.937
1749727835.941421,06:30:35,4.897
1749727846.007145,06:30:46,4.882
1749727856.072845,06:30:56,4.922
1749727866.139144,06:31:06,4.925
1749727876.204991,06:31:16,4.945
1749727886.27089,06:31:26,4.928
1749727896.336766,06:31:36,4.963
1749727906.402767,06:31:46,4.942
1749727916.468424,06:31:56,4.926
1749727926.534293,06:32:06,4.932
1749727936.600337,06:32:16,4.942
1749727946.66601,06:32:26,4.916
1749727956.73185,06:32:36,4.915
1749727966.797635,06:32:46,4.953
1749727976.863281,06:32:56,4.935
1749727986.945094,06:33:06,4.880
1749727997.010975,06:33:17,4.932
1749728007.076851,06:33:27,4.920
1749728017.142637,06:33:37,4.947
1749728027.208613,06:33:47,4.938
1749728037.27457,06:33:57,4.946
1749728047.340543,06:34:07,4.888
1749728057.406361,06:34:17,4.912
1749728067.47227,06:34:27,4.937
1749728077.538194,06:34:37,4.918
1749728087.604203,06:34:47,4.951
1749728097.670005,06:34:57,4.954
1749728107.73587,06:35:07,4.921
1749728117.801742,06:35:17,4.944
1749728127.867412,06:35:27,4.927
1749728137.958854,06:35:37,4.908
1749728148.024781,06:35:48,4.902
1749728158.090577,06:35:58,4.917
1749728168.15679,06:36:08,4.948
1749728178.222453,06:36:18,4.913
1749728188.288357,06:36:28,4.975
1749728198.35433,06:36:38,4.928
1749728208.42031,06:36:48,4.866
1749728218.672564,06:36:58,4.880
1749728228.738263,06:37:08,4.926
1749728238.804399,06:37:18,4.931
1749728248.870442,06:37:28,4.882
1749728258.965025,06:37:38,4.881
1749728269.030698,06:37:49,4.953
1749728279.096698,06:37:59,4.880
1749728289.162386,06:38:09,4.939
1749728299.228109,06:38:19,4.893
1749728309.293927,06:38:29,4.904
1749728319.359555,06:38:39,4.910
1749728329.425204,06:38:49,4.876
1749728339.491092,06:38:59,4.950
1749728349.556909,06:39:09,4.880
1749728359.622594,06:39:19,4.944
1749728369.874369,06:39:29,4.875
1749728379.953999,06:39:39,4.905
1749728390.030621,06:39:50,4.889
1749728400.096709,06:40:00,4.894
1749728410.162537,06:40:10,4.960
1749728420.368025,06:40:20,4.884
1749728430.433889,06:40:30,4.952
1749728440.4999,06:40:40,4.905
1749728450.565816,06:40:50,4.954
1749728460.631668,06:41:00,4.934
1749728470.697402,06:41:10,4.897
1749728480.763213,06:41:20,4.945
1749728490.82899,06:41:30,4.880
1749728500.894988,06:41:40,4.870
1749728510.970504,06:41:50,4.893
1749728521.051681,06:42:01,4.877
1749728531.117575,06:42:11,4.934
1749728541.183373,06:42:21,4.934
1749728551.249472,06:42:31,4.944
1749728561.31532,06:42:41,4.910
1749728571.381134,06:42:51,4.943
1749728581.446805,06:43:01,4.937
1749728591.512631,06:43:11,4.881
1749728601.578582,06:43:21,4.878
1749728611.644541,06:43:31,4.896
1749728621.710546,06:43:41,4.938
1749728631.955288,06:43:51,4.879
1749728642.037228,06:44:02,4.875
1749728652.103248,06:44:12,4.946
1749728662.169047,06:44:22,4.907
1749728672.234983,06:44:32,4.940
1749728682.300592,06:44:42,4.923
1749728692.367158,06:44:52,4.942
1749728702.432875,06:45:02,4.918
1749728712.498867,06:45:12,4.936
1749728722.564636,06:45:22,4.929
1749728732.63034,06:45:32,4.883
1749728742.69589,06:45:42,4.884
1749728752.761753,06:45:52,4.915
1749728762.827721,06:46:02,4.937
1749728772.893414,06:46:12,4.931
1749728782.959101,06:46:22,4.877
1749728793.054091,06:46:33,4.833
1749728803.120102,06:46:43,4.935
1749728813.185854,06:46:53,4.914
1749728823.251922,06:47:03,4.924
1749728833.317602,06:47:13,4.897
1749728843.383591,06:47:23,4.904
1749728853.449643,06:47:33,4.911
1749728863.515615,06:47:43,4.871
1749728873.581797,06:47:53,4.947
1749728883.647971,06:48:03,4.878
1749728893.713724,06:48:13,4.922
1749728903.779603,06:48:23,4.867
1749728913.845724,06:48:33,4.905
1749728923.911496,06:48:43,4.902
1749728933.977354,06:48:53,4.897
1749728944.080938,06:49:04,4.842
1749728954.147105,06:49:14,4.953
1749728964.212782,06:49:24,4.932
1749728974.278926,06:49:34,4.932
1749728984.344618,06:49:44,4.917
1749728994.410546,06:49:54,4.909
1749729004.47647,06:50:04,4.934
1749729014.54221,06:50:14,4.917
1749729024.607872,06:50:24,4.918
1749729034.673845,06:50:34,4.864
1749729044.739611,06:50:44,4.873
1749729054.805268,06:50:54,4.876
1749729064.871246,06:51:04,4.903
1749729074.93694,06:51:14,4.874
1749729085.00255,06:51:25,4.895
1749729095.091093,06:51:35,4.854
1749729105.156848,06:51:45,4.954
1749729115.222616,06:51:55,4.913
1749729125.288607,06:52:05,4.917
1749729135.354591,06:52:15,4.933
1749729145.420861,06:52:25,4.899
1749729155.486356,06:52:35,4.923
1749729165.552254,06:52:45,4.926
1749729175.618444,06:52:55,4.922
1749729185.684095,06:53:05,4.916
1749729195.749953,06:53:15,4.870
1749729205.81594,06:53:25,4.915
1749729215.881909,06:53:35,4.883
1749729225.947667,06:53:45,4.911
1749729236.013634,06:53:56,4.909
1749729246.08329,06:54:06,4.919
1749729256.169157,06:54:16,4.848
1749729266.235038,06:54:26,4.871
1749729276.30133,06:54:36,4.862
1749729286.367103,06:54:46,4.923
1749729296.432762,06:54:56,4.855
1749729306.4986,06:55:06,4.923
1749729316.564483,06:55:16,4.881
1749729326.630401,06:55:26,4.899
1749729336.696189,06:55:36,4.916
1749729346.762235,06:55:46,4.941
1749729356.828001,06:55:56,4.910
1749729366.893971,06:56:06,4.943
1749729376.959707,06:56:16,4.917
1749729387.025259,06:56:27,4.874
1749729397.091088,06:56:37,4.915
1749729407.174814,06:56:47,4.862
1749729417.240887,06:56:57,4.921
1749729427.306905,06:57:07,4.879
1749729437.372605,06:57:17,4.870
1749729447.438342,06:57:27,4.914
1749729457.690425,06:57:37,4.853
1749729467.756422,06:57:47,4.931
1749729477.822181,06:57:57,4.913
1749729487.888304,06:58:07,4.932
1749729497.95405,06:58:17,4.914
1749729508.206368,06:58:28,4.805
1749729518.272609,06:58:38,4.940
1749729528.338369,06:58:48,4.898
1749729538.404348,06:58:58,4.921
1749729548.470082,06:59:08,4.871
1749729558.535595,06:59:18,4.880
1749729568.601238,06:59:28,4.931
1749729578.666977,06:59:38,4.880
1749729588.732646,06:59:48,4.832
1749729598.798323,06:59:58,4.928
1749729608.864227,07:00:08,4.864
1749729618.929938,07:00:18,4.910
1749729628.995796,07:00:28,4.881
1749729639.061719,07:00:39,4.917
1749729649.127763,07:00:49,4.888
1749729659.209122,07:00:59,4.860
1749729669.274899,07:01:09,4.924
1749729679.341083,07:01:19,4.867
1749729689.406872,07:01:29,4.902
1749729699.472839,07:01:39,4.889
1749729709.538691,07:01:49,4.870
1749729719.6044,07:01:59,4.906
1749729729.670262,07:02:09,4.865
1749729739.735996,07:02:19,4.858
1749729749.801731,07:02:29,4.871
1749729759.950013,07:02:39,4.856
1749729770.015718,07:02:50,4.915
1749729780.081447,07:03:00,4.878
1749729790.147416,07:03:10,4.870
1749729800.229857,07:03:20,4.861
1749729810.295639,07:03:30,4.905
1749729820.361313,07:03:40,4.860
1749729830.613403,07:03:50,4.828
1749729840.679278,07:04:00,4.869
1749729850.745395,07:04:10,4.855
1749729860.811331,07:04:20,4.914
1749729870.877453,07:04:30,4.865
1749729880.943791,07:04:40,4.836
1749729891.009653,07:04:51,4.893
1749729901.075282,07:05:01,4.908
1749729911.141379,07:05:11,4.872
1749729921.22572,07:05:21,4.843
1749729931.477387,07:05:31,4.844
1749729941.54349,07:05:41,4.908
1749729951.609352,07:05:51,4.890
1749729961.675261,07:06:01,4.895
1749729971.741205,07:06:11,4.921
1749729981.806883,07:06:21,4.893
1749729991.872742,07:06:31,4.913
1749730001.938659,07:06:41,4.898
1749730012.004298,07:06:52,4.852
1749730022.070234,07:07:02,4.926
1749730032.136477,07:07:12,4.915
1749730042.233781,07:07:22,4.838
1749730052.299848,07:07:32,4.853
1749730062.365574,07:07:42,4.891
1749730072.4318,07:07:52,4.925
1749730082.49754,07:08:02,4.905
1749730092.563251,07:08:12,4.915
1749730102.629132,07:08:22,4.941
1749730112.694827,07:08:32,4.848
1749730122.760873,07:08:42,4.910
1749730132.826545,07:08:52,4.859
1749730142.892509,07:09:02,4.923
1749730152.958239,07:09:12,4.886
1749730163.02408,07:09:23,4.900
1749730173.170891,07:09:33,4.846
1749730183.267333,07:09:43,4.853
1749730193.33335,07:09:53,4.862
1749730203.399161,07:10:03,4.868
1749730213.464849,07:10:13,4.902
1749730223.530557,07:10:23,4.920
1749730233.596539,07:10:33,4.871
1749730243.662201,07:10:43,4.845
1749730253.727921,07:10:53,4.898
1749730263.793937,07:11:03,4.896
1749730273.859561,07:11:13,4.887
1749730283.925224,07:11:23,4.871
1749730293.991043,07:11:33,4.900
1749730304.056898,07:11:44,4.898
1749730314.122561,07:11:54,4.910
1749730324.189172,07:12:04,4.862
1749730334.281566,07:12:14,4.835
1749730344.347572,07:12:24,4.902
1749730354.599376,07:12:34,4.837
1749730364.665589,07:12:44,4.907
1749730374.731403,07:12:54,4.856
1749730384.79703,07:13:04,4.829
1749730394.862821,07:13:14,4.892
1749730404.92885,07:13:24,4.900
1749730414.994527,07:13:34,4.903
1749730425.060305,07:13:45,4.871
1749730435.126218,07:13:55,4.884
1749730445.192727,07:14:05,4.884
1749730455.285983,07:14:15,4.820
1749730465.351568,07:14:25,4.797
1749730475.417363,07:14:35,4.897
1749730485.483739,07:14:45,4.861
1749730495.549476,07:14:55,4.837
1749730505.615187,07:15:05,4.878
1749730515.681226,07:15:15,4.847
1749730525.747102,07:15:25,4.884
1749730535.812844,07:15:35,4.827
1749730545.878923,07:15:45,4.898
1749730555.944615,07:15:55,4.850
1749730566.010635,07:16:06,4.904
1749730576.076498,07:16:16,4.869
1749730586.142603,07:16:26,4.885
1749730596.394376,07:16:36,4.834
1749730606.460135,07:16:46,4.856
1749730616.526096,07:16:56,4.869
1749730626.592111,07:17:06,4.861
1749730636.65827,07:17:16,4.893
1749730646.724002,07:17:26,4.870
1749730656.789769,07:17:36,4.843
1749730666.855645,07:17:46,4.894
1749730676.921588,07:17:56,4.889
1749730686.987441,07:18:06,4.895
1749730697.053265,07:18:17,4.897
1749730707.11891,07:18:27,4.905
1749730717.184866,07:18:37,4.881
1749730727.250581,07:18:47,4.900
1749730737.346339,07:18:57,4.837
1749730747.412093,07:19:07,4.885
1749730757.478129,07:19:17,4.911
1749730767.543908,07:19:27,4.893
1749730777.609745,07:19:37,4.859
1749730787.675606,07:19:47,4.835
1749730797.741347,07:19:57,4.863
1749730807.807359,07:20:07,4.814
1749730817.873501,07:20:17,4.836
1749730827.939333,07:20:27,4.839
1749730838.005146,07:20:38,4.860
1749730848.071025,07:20:48,4.823
1749730858.142498,07:20:58,4.813
1749730868.208357,07:21:08,4.896
1749730878.274369,07:21:18,4.883
1749730888.365585,07:21:28,4.833
1749730898.431461,07:21:38,4.848
1749730908.497399,07:21:48,4.889
1749730918.563152,07:21:58,4.861
1749730928.62932,07:22:08,4.893
1749730938.694972,07:22:18,4.859
1749730948.760858,07:22:28,4.883
1749730958.826768,07:22:38,4.872
1749730968.892425,07:22:48,4.892
1749730978.979405,07:22:58,4.777
1749730989.045257,07:23:09,4.836
1749730999.111167,07:23:19,4.870
1749731009.177095,07:23:29,4.894
1749731019.242993,07:23:39,4.880
1749731029.30873,07:23:49,4.808
1749731039.391121,07:23:59,4.821
1749731049.457165,07:24:09,4.877
1749731059.522854,07:24:19,4.900
1749731069.588817,07:24:29,4.836
1749731079.654612,07:24:39,4.828
1749731089.720593,07:24:49,4.825
1749731099.786225,07:24:59,4.828
1749731109.852287,07:25:09,4.815
1749731119.917969,07:25:19,4.841
1749731129.983729,07:25:29,4.889
1749731140.049498,07:25:40,4.855
1749731150.116199,07:25:50,4.916
1749731160.181847,07:26:00,4.868
1749731170.247525,07:26:10,4.849
1749731180.313521,07:26:20,4.845
1749731190.412995,07:26:30,4.826
1749731200.478964,07:26:40,4.902
1749731210.544759,07:26:50,4.867
1749731220.610917,07:27:00,4.888
1749731230.676673,07:27:10,4.860
1749731240.742544,07:27:20,4.891
1749731250.808554,07:27:30,4.868
1749731260.874289,07:27:40,4.896
1749731270.939911,07:27:50,4.884
1749731281.005877,07:28:01,4.890
1749731291.07184,07:28:11,4.876
1749731301.137841,07:28:21,4.872
1749731311.20373,07:28:31,4.898
1749731321.269633,07:28:41,4.848
1749731331.335391,07:28:51,4.864
1749731341.42831,07:29:01,4.822
1749731351.494348,07:29:11,4.893
1749731361.560044,07:29:21,4.843
1749731371.812375,07:29:31,4.828
1749731381.878059,07:29:41,4.878
1749731391.943982,07:29:51,4.843
1749731402.009724,07:30:02,4.870
1749731412.075437,07:30:12,4.845
1749731422.141329,07:30:22,4.887
1749731432.207281,07:30:32,4.821
1749731442.2732,07:30:42,4.889
1749731452.339255,07:30:52,4.823
1749731462.427214,07:31:02,4.809
1749731472.493177,07:31:12,4.861
1749731482.558914,07:31:22,4.871
1749731492.624896,07:31:32,4.875
1749731502.690519,07:31:42,4.890
1749731512.7563,07:31:52,4.848
1749731522.822069,07:32:02,4.884
1749731532.887857,07:32:12,4.874
1749731542.953722,07:32:22,4.885
1749731553.019446,07:32:33,4.878
1749731563.085992,07:32:43,4.879
1749731573.151649,07:32:53,4.874
1749731583.217541,07:33:03,4.882
1749731593.283329,07:33:13,4.869
1749731603.349069,07:33:23,4.868
1749731613.425403,07:33:33,4.834
1749731623.506306,07:33:43,4.807
1749731633.572246,07:33:53,4.872
1749731643.637879,07:34:03,4.869
1749731653.70359,07:34:13,4.882
1749731663.769931,07:34:23,4.868
1749731673.835728,07:34:33,4.828
1749731683.901342,07:34:43,4.872
1749731693.967664,07:34:53,4.858
1749731704.033489,07:35:04,4.860
1749731714.099219,07:35:14,4.854
1749731724.165462,07:35:24,4.905
1749731734.23123,07:35:34,4.843
1749731744.297075,07:35:44,4.880
1749731754.362921,07:35:54,4.875
1749731764.435398,07:36:04,4.859
1749731774.519075,07:36:14,4.816
1749731784.585142,07:36:24,4.845
1749731794.651072,07:36:34,4.820
1749731804.716888,07:36:44,4.856
1749731814.783125,07:36:54,4.882
1749731824.848785,07:37:04,4.881
1749731834.914549,07:37:14,4.823
1749731844.980401,07:37:24,4.871
1749731855.046186,07:37:35,4.801
1749731865.11207,07:37:45,4.873
1749731875.177969,07:37:55,4.826
1749731885.243626,07:38:05,4.821
1749731895.309407,07:38:15,4.845
1749731905.375173,07:38:25,4.829
1749731915.440729,07:38:35,4.856
1749731925.522689,07:38:45,4.823
1749731935.588522,07:38:55,4.884
1749731945.654238,07:39:05,4.824
1749731955.720016,07:39:15,4.880
1749731965.785668,07:39:25,4.857
1749731975.851347,07:39:35,4.886
1749731985.917235,07:39:45,4.874
1749731995.98298,07:39:55,4.809
1749732006.049435,07:40:06,4.784
1749732016.115313,07:40:16,4.804
1749732026.181039,07:40:26,4.843
1749732036.247022,07:40:36,4.887
1749732046.313001,07:40:46,4.858
1749732056.378696,07:40:56,4.809
1749732066.444789,07:41:06,4.861
1749732076.52955,07:41:16,4.802
1749732086.595543,07:41:26,4.880
1749732096.661327,07:41:36,4.823
1749732106.727519,07:41:46,4.822
1749732116.793463,07:41:56,4.833
1749732126.88539,07:42:06,4.790
1749732136.951269,07:42:16,4.833
1749732147.017549,07:42:27,4.859
1749732157.083261,07:42:37,4.848
1749732167.14923,07:42:47,4.863
1749732177.215071,07:42:57,4.870
1749732187.467444,07:43:07,4.807
1749732197.548682,07:43:17,4.810
1749732207.800377,07:43:27,4.782
1749732217.866154,07:43:37,4.832
1749732227.932757,07:43:47,4.862
1749732237.998423,07:43:57,4.835
1749732248.064642,07:44:08,4.863
1749732258.130478,07:44:18,4.828
1749732268.196117,07:44:28,4.884
1749732278.261823,07:44:38,4.871
1749732288.328378,07:44:48,4.890
1749732298.394219,07:44:58,4.874
1749732308.460241,07:45:08,4.862
1749732318.552704,07:45:18,4.824
1749732328.618525,07:45:28,4.866
1749732338.684276,07:45:38,4.853
1749732348.750197,07:45:48,4.835
1749732358.816022,07:45:58,4.891
1749732368.882172,07:46:08,4.851
1749732378.947885,07:46:18,4.871
1749732389.013663,07:46:29,4.837
1749732399.079418,07:46:39,4.884
1749732409.145465,07:46:49,4.806
1749732419.211143,07:46:59,4.851
1749732429.277092,07:47:09,4.803
1749732439.343114,07:47:19,4.874
1749732449.408712,07:47:29,4.872
1749732459.474404,07:47:39,4.846
1749732469.563355,07:47:49,4.838
1749732479.629187,07:47:59,4.821
1749732489.69518,07:48:09,4.829
1749732499.760829,07:48:19,4.842
1749732509.826635,07:48:29,4.829
1749732519.892717,07:48:39,4.846
1749732529.958365,07:48:49,4.857
1749732540.024222,07:49:00,4.837
1749732550.090139,07:49:10,4.842
1749732560.15605,07:49:20,4.862
1749732570.221909,07:49:30,4.836
1749732580.287804,07:49:40,4.846
1749732590.353438,07:49:50,4.839
1749732600.419514,07:50:00,4.853
1749732610.485692,07:50:10,4.864
1749732620.571054,07:50:20,4.813
1749732630.641694,07:50:30,4.774
1749732640.707798,07:50:40,4.811
1749732650.77357,07:50:50,4.858
1749732660.839363,07:51:00,4.849
1749732670.905124,07:51:10,4.864
1749732680.971894,07:51:20,4.775
1749732691.037924,07:51:31,4.859
1749732701.103655,07:51:41,4.848
1749732711.169705,07:51:51,4.845
1749732721.235437,07:52:01,4.821
1749732731.301399,07:52:11,4.852
1749732741.367139,07:52:21,4.851
1749732751.432955,07:52:31,4.791
1749732761.498757,07:52:41,4.823
1749732771.564993,07:52:51,4.824
1749732781.648006,07:53:01,4.768
1749732791.713593,07:53:11,4.798
1749732801.779358,07:53:21,4.777
1749732811.845074,07:53:31,4.811
1749732821.91099,07:53:41,4.826
1749732831.976766,07:53:51,4.820
1749732842.042717,07:54:02,4.822
1749732852.108736,07:54:12,4.772
1749732862.174495,07:54:22,4.779
1749732872.240291,07:54:32,4.864
1749732882.306168,07:54:42,4.832
1749732892.371924,07:54:52,4.837
1749732902.438046,07:55:02,4.829
1749732912.503935,07:55:12,4.822
1749732922.56979,07:55:22,4.835
1749732932.645452,07:55:32,4.774
1749732942.71113,07:55:42,4.817
1749732952.776828,07:55:52,4.835
1749732962.843066,07:56:02,4.849
1749732972.908691,07:56:12,4.843
1749732982.974721,07:56:22,4.797
1749732993.040756,07:56:33,4.849
1749733003.106825,07:56:43,4.817
1749733013.172603,07:56:53,4.853
1749733023.241148,07:57:03,4.796
1749733033.30698,07:57:13,4.793
1749733043.372926,07:57:23,4.847
1749733053.439014,07:57:33,4.843
1749733063.505327,07:57:43,4.826
1749733073.571064,07:57:53,4.778
1749733083.662172,07:58:03,4.790
1749733093.728112,07:58:13,4.800
1749733103.794045,07:58:23,4.846
1749733113.859845,07:58:33,4.764
1749733123.926166,07:58:43,4.841
1749733133.99187,07:58:53,4.839
1749733144.057987,07:59:04,4.811
1749733154.123939,07:59:14,4.836
1749733164.189643,07:59:24,4.842
1749733174.255331,07:59:34,4.811
1749733184.321013,07:59:44,4.861
1749733194.386698,07:59:54,4.822
1749733204.452496,08:00:04,4.796
1749733214.520131,08:00:14,4.840
1749733224.585926,08:00:24,4.849
1749733234.679157,08:00:34,4.807
1749733244.744907,08:00:44,4.856
1749733254.810457,08:00:54,4.813
1749733264.876476,08:01:04,4.871
1749733274.942245,08:01:14,4.828
1749733285.008282,08:01:25,4.871
1749733295.074141,08:01:35,4.843
1749733305.140208,08:01:45,4.864
1749733315.205954,08:01:55,4.852
1749733325.271891,08:02:05,4.854
1749733335.337813,08:02:15,4.856
1749733345.403864,08:02:25,4.843
1749733355.469603,08:02:35,4.848
1749733365.535549,08:02:45,4.852
1749733375.601767,08:02:55,4.843
1749733385.693787,08:03:05,4.809
1749733395.759517,08:03:15,4.746
1749733405.825372,08:03:25,4.832
1749733415.892058,08:03:35,4.835
1749733425.957821,08:03:45,4.818
1749733436.023765,08:03:56,4.862
1749733446.089507,08:04:06,4.826
1749733456.156093,08:04:16,4.854
1749733466.40839,08:04:26,4.806
1749733476.474487,08:04:36,4.863
1749733486.54044,08:04:46,4.797
1749733496.606081,08:04:56,4.812
1749733506.69946,08:05:06,4.804
1749733516.765237,08:05:16,4.861
1749733526.831081,08:05:26,4.847
1749733537.083358,08:05:37,4.783
1749733547.149001,08:05:47,4.852
1749733557.214933,08:05:57,4.820
1749733567.280698,08:06:07,4.774
1749733577.346504,08:06:17,4.835
1749733587.412583,08:06:27,4.848
1749733597.478376,08:06:37,4.815
1749733607.544348,08:06:47,4.854
1749733617.610326,08:06:57,4.829
1749733627.682713,08:07:07,4.853
1749733637.765751,08:07:17,4.787
1749733647.831759,08:07:27,4.815
1749733657.89748,08:07:37,4.855
1749733667.963244,08:07:47,4.835
1749733678.028883,08:07:58,4.784
1749733688.09475,08:08:08,4.831
1749733698.160755,08:08:18,4.833
1749733708.226384,08:08:28,4.842
1749733718.292009,08:08:38,4.791
1749733728.358023,08:08:48,4.858
1749733738.423598,08:08:58,4.812
1749733748.489423,08:09:08,4.848
1749733758.55525,08:09:18,4.851
1749733768.621016,08:09:28,4.866
1749733778.686673,08:09:38,4.835
1749733788.771527,08:09:48,4.794
1749733798.837117,08:09:58,4.837
1749733808.903082,08:10:08,4.856
1749733818.968788,08:10:18,4.824
1749733829.034731,08:10:29,4.860
1749733839.100383,08:10:39,4.840
1749733849.166303,08:10:49,4.840
1749733859.418367,08:10:59,4.802
1749733869.484264,08:11:09,4.799
1749733879.549981,08:11:19,4.779
1749733889.615906,08:11:29,4.804
1749733899.681619,08:11:39,4.849
1749733909.768046,08:11:49,4.777
1749733919.833738,08:11:59,4.817
1749733929.89989,08:12:09,4.816
1749733939.965876,08:12:19,4.845
1749733950.031812,08:12:30,4.831
1749733960.097651,08:12:40,4.827
1749733970.163824,08:12:50,4.827
1749733980.229424,08:13:00,4.859
1749733990.295476,08:13:10,4.826
1749734000.361244,08:13:20,4.848
1749734010.613362,08:13:30,4.792
1749734020.679245,08:13:40,4.789
1749734030.774728,08:13:50,4.783
1749734040.840976,08:14:00,4.797
1749734050.907192,08:14:10,4.824
1749734060.972977,08:14:20,4.838
1749734071.038749,08:14:31,4.819
1749734081.104551,08:14:41,4.830
1749734091.170429,08:14:51,4.825
1749734101.235966,08:15:01,4.840
1749734111.301942,08:15:11,4.822
1749734121.367896,08:15:21,4.844
1749734131.433643,08:15:31,4.830
1749734141.499683,08:15:41,4.831
1749734151.565405,08:15:51,4.846
1749734161.631141,08:16:01,4.821
1749734171.697278,08:16:11,4.825
1749734181.791957,08:16:21,4.782
1749734191.8576,08:16:31,4.826
1749734201.923907,08:16:41,4.861
1749734211.989748,08:16:51,4.826
1749734222.056108,08:17:02,4.818
1749734232.121982,08:17:12,4.808
1749734242.187665,08:17:22,4.763
1749734252.253322,08:17:32,4.828
1749734262.319563,08:17:42,4.839
1749734272.385314,08:17:52,4.818
1749734282.637389,08:18:02,4.792
1749734292.703569,08:18:12,4.846
1749734302.955369,08:18:22,4.785
1749734313.021301,08:18:33,4.856
1749734323.087012,08:18:43,4.827
1749734333.153029,08:18:53,4.831
1749734343.218975,08:19:03,4.845
1749734353.284932,08:19:13,4.819
1749734363.350756,08:19:23,4.816
1749734373.416911,08:19:33,4.834
1749734383.482639,08:19:43,4.790
1749734393.548607,08:19:53,4.818
1749734403.800414,08:20:03,4.791
1749734413.900132,08:20:13,4.772
1749734424.152381,08:20:24,4.789
1749734434.218167,08:20:34,4.846
1749734444.283845,08:20:44,4.787
1749734454.349625,08:20:54,4.792
1749734464.415658,08:21:04,4.784
1749734474.481262,08:21:14,4.780
1749734484.547311,08:21:24,4.781
1749734494.61317,08:21:34,4.804
1749734504.678938,08:21:44,4.838
1749734514.744962,08:21:54,4.810
1749734524.836599,08:22:04,4.781
1749734534.902477,08:22:14,4.833
1749734545.154369,08:22:25,4.803
1749734555.220321,08:22:35,4.842
1749734565.286166,08:22:45,4.790
1749734575.351922,08:22:55,4.853
1749734585.41758,08:23:05,4.797
1749734595.483549,08:23:15,4.771
1749734605.549469,08:23:25,4.797
1749734615.615226,08:23:35,4.777
1749734625.681158,08:23:45,4.799
1749734635.746932,08:23:55,4.759
1749734645.839008,08:24:05,4.773
1749734655.904991,08:24:15,4.818
1749734665.97063,08:24:25,4.837
1749734676.036651,08:24:36,4.792
1749734686.102689,08:24:46,4.765
1749734696.168346,08:24:56,4.807
1749734706.23449,08:25:06,4.774
1749734716.300206,08:25:16,4.766
1749734726.366073,08:25:26,4.822
1749734736.431967,08:25:36,4.786
1749734746.497967,08:25:46,4.816
1749734756.563545,08:25:56,4.786
1749734766.629649,08:26:06,4.831
1749734776.695361,08:26:16,4.799
1749734786.761081,08:26:26,4.778
1749734796.855013,08:26:36,4.757
1749734806.921591,08:26:46,4.844
1749734816.987301,08:26:56,4.784
1749734827.053378,08:27:07,4.776
1749734837.119108,08:27:17,4.800
1749734847.18499,08:27:27,4.833
1749734857.251009,08:27:37,4.833
1749734867.317016,08:27:47,4.827
1749734877.382808,08:27:57,4.804
1749734887.448625,08:28:07,4.843
1749734897.514426,08:28:17,4.813
1749734907.580118,08:28:27,4.844
1749734917.646149,08:28:37,4.779
1749734927.711985,08:28:47,4.781
1749734937.777849,08:28:57,4.811
1749734947.872313,08:29:07,4.747
1749734957.938371,08:29:17,4.829
1749734968.004371,08:29:28,4.819
1749734978.070069,08:29:38,4.775
1749734988.136046,08:29:48,4.817
1749734998.201756,08:29:58,4.792
1749735008.267764,08:30:08,4.827
1749735018.336847,08:30:18,4.816
1749735028.402964,08:30:28,4.764
1749735038.468737,08:30:38,4.759
1749735048.534698,08:30:48,4.772
1749735058.600582,08:30:58,4.779
1749735068.666599,08:31:08,4.817
1749735078.732275,08:31:18,4.766
1749735088.798159,08:31:28,4.832
1749735098.894127,08:31:38,4.745
1749735108.95983,08:31:48,4.801
1749735119.025801,08:31:59,4.820
1749735129.091733,08:32:09,4.802
1749735139.157468,08:32:19,4.824
1749735149.223348,08:32:29,4.809
1749735159.289178,08:32:39,4.832
1749735169.355211,08:32:49,4.784
1749735179.420971,08:32:59,4.817
1749735189.486921,08:33:09,4.802
1749735199.552556,08:33:19,4.755
1749735209.618465,08:33:29,4.778
1749735219.684163,08:33:39,4.766
1749735229.750022,08:33:49,4.801
1749735239.815927,08:33:59,4.824
1749735249.908348,08:34:09,4.756
1749735259.974243,08:34:19,4.827
1749735270.040198,08:34:30,4.753
1749735280.105865,08:34:40,4.819
1749735290.171866,08:34:50,4.758
1749735300.237726,08:35:00,4.763
1749735310.303992,08:35:10,4.812
1749735320.369655,08:35:20,4.763
1749735330.435561,08:35:30,4.830
1749735340.50135,08:35:40,4.776
1749735350.567413,08:35:50,4.821
1749735360.633261,08:36:00,4.800
1749735370.699198,08:36:10,4.830
1749735380.765006,08:36:20,4.800
1749735390.830812,08:36:30,4.812
1749735400.923361,08:36:40,4.754
1749735410.989039,08:36:50,4.756
1749735421.054836,08:37:01,4.798
1749735431.120603,08:37:11,4.760
1749735441.18636,08:37:21,4.793
1749735451.252294,08:37:31,4.744
1749735461.317973,08:37:41,4.794
1749735471.383821,08:37:51,4.835
1749735481.44956,08:38:01,4.819
1749735491.515657,08:38:11,4.818
1749735501.581451,08:38:21,4.823
1749735511.647488,08:38:31,4.813
1749735521.713228,08:38:41,4.815
1749735531.77897,08:38:51,4.822
1749735541.844764,08:39:01,4.786
1749735551.931699,08:39:11,4.763
1749735561.997482,08:39:21,4.756
1749735572.063585,08:39:32,4.811
1749735582.129357,08:39:42,4.788
1749735592.195328,08:39:52,4.753
1749735602.262929,08:40:02,4.776
1749735612.329089,08:40:12,4.817
1749735622.395266,08:40:22,4.767
1749735632.461143,08:40:32,4.792
1749735642.526864,08:40:42,4.755
1749735652.592993,08:40:52,4.802
1749735662.658969,08:41:02,4.755
1749735672.724874,08:41:12,4.758
1749735682.791217,08:41:22,4.821
1749735692.85694,08:41:32,4.809
1749735703.040409,08:41:43,4.757
1749735713.106337,08:41:53,4.796
1749735723.17226,08:42:03,4.757
1749735733.237836,08:42:13,4.794
1749735743.30357,08:42:23,4.840
1749735753.369559,08:42:33,4.816
1749735763.435395,08:42:43,4.811
1749735773.501123,08:42:53,4.747
1749735783.567226,08:43:03,4.818
1749735793.633143,08:43:13,4.760
1749735803.698822,08:43:23,4.759
1749735813.764786,08:43:33,4.790
1749735823.830478,08:43:43,4.756
1749735833.896511,08:43:53,4.805
1749735843.981934,08:44:03,4.731
1749735854.047926,08:44:14,4.779
1749735864.113639,08:44:24,4.814
1749735874.179395,08:44:34,4.795
1749735884.245078,08:44:44,4.802
1749735894.311183,08:44:54,4.753
1749735904.376879,08:45:04,4.798
1749735914.442804,08:45:14,4.799
1749735924.508596,08:45:24,4.806
1749735934.574378,08:45:34,4.796
1749735944.640057,08:45:44,4.787
1749735954.705769,08:45:54,4.774
1749735964.87143,08:46:04,4.759
1749735974.962649,08:46:14,4.759
1749735985.028787,08:46:25,4.813
1749735995.094687,08:46:35,4.775
1749736005.160573,08:46:45,4.809
1749736015.226313,08:46:55,4.804
1749736025.292041,08:47:05,4.758
1749736035.358089,08:47:15,4.741
1749736045.424014,08:47:25,4.745
1749736055.490028,08:47:35,4.729
1749736065.555756,08:47:45,4.755
1749736075.621751,08:47:55,4.791
1749736085.687464,08:48:05,4.768
1749736095.753259,08:48:15,4.774
1749736105.818995,08:48:25,4.757
1749736115.884989,08:48:35,4.812
1749736125.976402,08:48:45,4.747
1749736136.04228,08:48:56,4.769
1749736146.112956,08:49:06,4.776
1749736156.178689,08:49:16,4.776
1749736166.244603,08:49:26,4.786
1749736176.313827,08:49:36,4.790
1749736186.379845,08:49:46,4.771
1749736196.445467,08:49:56,4.813
1749736206.516149,08:50:06,4.767
1749736216.581806,08:50:16,4.794
1749736226.647764,08:50:26,4.759
1749736236.722402,08:50:36,4.748
1749736246.78799,08:50:46,4.748
1749736256.853967,08:50:56,4.727
1749736266.924917,08:51:06,4.721
1749736277.0186,08:51:17,4.734
1749736287.084182,08:51:27,4.797
1749736297.152406,08:51:37,4.728
1749736307.218277,08:51:47,4.768
1749736317.28433,08:51:57,4.808
1749736327.355036,08:52:07,4.795
1749736337.420745,08:52:17,4.757
1749736347.486549,08:52:27,4.791
1749736357.556358,08:52:37,4.799
1749736367.622266,08:52:47,4.778
1749736377.687994,08:52:57,4.741
1749736387.756481,08:53:07,4.774
1749736397.822329,08:53:17,4.782
1749736407.888222,08:53:27,4.732
1749736417.95625,08:53:37,4.786
1749736428.208423,08:53:48,4.727
1749736438.274198,08:53:58,4.765
1749736448.343533,08:54:08,4.711
1749736458.409239,08:54:18,4.713
1749736468.47521,08:54:28,4.781
1749736478.544039,08:54:38,4.787
1749736488.609999,08:54:48,4.774
1749736498.675881,08:54:58,4.793
1749736508.74442,08:55:08,4.781
1749736518.810202,08:55:18,4.793
1749736528.87596,08:55:28,4.748
1749736538.944529,08:55:38,4.784
1749736549.196431,08:55:49,4.737
1749736559.262248,08:55:59,4.813
1749736569.33155,08:56:09,4.789
1749736579.39735,08:56:19,4.736
1749736589.649471,08:56:29,4.746
1749736599.718647,08:56:39,4.781
1749736609.784637,08:56:49,4.744
1749736620.036505,08:57:00,4.724
1749736630.105926,08:57:10,4.735
1749736640.17165,08:57:20,4.756
1749736650.237781,08:57:30,4.792
1749736660.307983,08:57:40,4.772
1749736670.373699,08:57:50,4.825
1749736680.439637,08:58:00,4.760
1749736690.509836,08:58:10,4.816
1749736700.576315,08:58:20,4.818
1749736710.641995,08:58:30,4.766
1749736720.713472,08:58:40,4.741
1749736730.779147,08:58:50,4.789
1749736740.845141,08:59:00,4.775
1749736750.913964,08:59:10,4.808
1749736760.979746,08:59:20,4.815
1749736771.068686,08:59:31,4.738
1749736781.13998,08:59:41,4.796
1749736791.205928,08:59:51,4.777
1749736801.27244,09:00:01,4.793
1749736811.341821,09:00:11,4.776
1749736821.407611,09:00:21,4.756
1749736831.473557,09:00:31,4.760
1749736841.542408,09:00:41,4.784
1749736851.60833,09:00:51,4.739
1749736861.67427,09:01:01,4.816
1749736871.742229,09:01:11,4.787
1749736881.807935,09:01:21,4.787
1749736891.874093,09:01:31,4.800
1749736901.948224,09:01:41,4.794
1749736912.013933,09:01:52,4.791
1749736922.096132,09:02:02,4.722
1749736932.166391,09:02:12,4.761
1749736942.232048,09:02:22,4.788
1749736952.297768,09:02:32,4.808
1749736962.369218,09:02:42,4.803
1749736972.435396,09:02:52,4.762
1749736982.501213,09:03:02,4.733
1749736992.570524,09:03:12,4.798
1749737002.822361,09:03:22,4.750
1749737012.888166,09:03:32,4.769
1749737022.95764,09:03:42,4.787
1749737033.023278,09:03:53,4.733
1749737043.1057,09:04:03,4.721
1749737053.174684,09:04:13,4.782
1749737063.240885,09:04:23,4.789
1749737073.306705,09:04:33,4.806
1749737083.381746,09:04:43,4.770
1749737093.447459,09:04:53,4.804
1749737103.513253,09:05:03,4.752
1749737113.583532,09:05:13,4.788
1749737123.649641,09:05:23,4.782
1749737133.715392,09:05:33,4.768
1749737143.785929,09:05:43,4.787
1749737153.851836,09:05:53,4.820
1749737163.917646,09:06:03,4.762
1749737173.987557,09:06:13,4.806
1749737184.075243,09:06:24,4.738
1749737194.143004,09:06:34,4.729
1749737204.219043,09:06:44,4.748
1749737214.284926,09:06:54,4.739
1749737224.350969,09:07:04,4.813
1749737234.423146,09:07:14,4.788
1749737244.488828,09:07:24,4.787
1749737254.554563,09:07:34,4.790
1749737264.624196,09:07:44,4.772
1749737274.689846,09:07:54,4.800
1749737284.755979,09:08:04,4.791
1749737294.827406,09:08:14,4.762
1749737304.893144,09:08:24,4.779
1749737314.959137,09:08:34,4.802
1749737325.028324,09:08:45,4.765
1749737335.118945,09:08:55,4.740
1749737345.184755,09:09:05,4.788
1749737355.255583,09:09:15,4.728
1749737365.321519,09:09:25,4.796
1749737375.38724,09:09:35,4.736
1749737385.461837,09:09:45,4.706
1749737395.527622,09:09:55,4.729
1749737405.593597,09:10:05,4.794
1749737415.664859,09:10:15,4.774
1749737425.730556,09:10:25,4.737
1749737435.796131,09:10:35,4.796
1749737445.866592,09:10:45,4.802
1749737455.93275,09:10:55,4.768
1749737465.998687,09:11:05,4.775
1749737476.066833,09:11:16,4.755
1749737486.145011,09:11:26,4.744
1749737496.211503,09:11:36,4.756
1749737506.281153,09:11:46,4.722
1749737516.346917,09:11:56,4.797
1749737526.41284,09:12:06,4.779
1749737536.484395,09:12:16,4.720
1749737546.550259,09:12:26,4.799
1749737556.616251,09:12:36,4.745
1749737566.684918,09:12:46,4.794
1749737576.750907,09:12:56,4.783
1749737586.816877,09:13:06,4.793
1749737596.888138,09:13:16,4.798
1749737606.954137,09:13:26,4.790
1749737617.019895,09:13:37,4.756
1749737627.08902,09:13:47,4.788
1749737637.17015,09:13:57,4.722
1749737647.235904,09:14:07,4.773
1749737657.306128,09:14:17,4.737
1749737667.372115,09:14:27,4.751
1749737677.437961,09:14:37,4.783
1749737687.507387,09:14:47,4.730
1749737697.573594,09:14:57,4.758
1749737707.639467,09:15:07,4.760
1749737717.710256,09:15:17,4.745
1749737727.776075,09:15:27,4.744
1749737737.841907,09:15:37,4.792
1749737747.909977,09:15:47,4.768
1749737757.975675,09:15:57,4.760
1749737768.041641,09:16:08,4.779
1749737778.112024,09:16:18,4.754
1749737788.195685,09:16:28,4.693
1749737798.261325,09:16:38,4.770
1749737808.331502,09:16:48,4.741
1749737818.397572,09:16:58,4.714
1749737828.463298,09:17:08,4.775
1749737838.537334,09:17:18,4.714
1749737848.602992,09:17:28,4.781
1749737858.669048,09:17:38,4.785
1749737868.745922,09:17:48,4.761
1749737878.811676,09:17:58,4.762
1749737888.877494,09:18:08,4.713
1749737898.946022,09:18:18,4.789
1749737909.011858,09:18:29,4.775
1749737919.077587,09:18:39,4.735
1749737929.170959,09:18:49,4.689
1749737939.236991,09:18:59,4.751
1749737949.302703,09:19:09,4.773
1749737959.371053,09:19:19,4.783
1749737969.437031,09:19:29,4.736
1749737979.502753,09:19:39,4.771
1749737989.571419,09:19:49,4.745
1749737999.637171,09:19:59,4.772
1749738009.703296,09:20:09,4.788
1749738019.77339,09:20:19,4.769
1749738029.839027,09:20:29,4.790
1749738039.904701,09:20:39,4.743
1749738049.977225,09:20:49,4.747
1749738060.042875,09:21:00,4.747
1749738070.108948,09:21:10,4.780
1749738080.207624,09:21:20,4.734
1749738090.273205,09:21:30,4.735
1749738100.339073,09:21:40,4.775
1749738110.407853,09:21:50,4.785
1749738120.473571,09:22:00,4.723
1749738130.540034,09:22:10,4.779
1749738140.608793,09:22:20,4.739
1749738150.674479,09:22:30,4.764
1749738160.740299,09:22:40,4.730
1749738170.812698,09:22:50,4.745
1749738180.878393,09:23:00,4.719
1749738190.944733,09:23:10,4.779
1749738201.013383,09:23:21,4.775
1749738211.07892,09:23:31,4.750
1749738221.145037,09:23:41,4.795
1749738231.238244,09:23:51,4.724
1749738241.303913,09:24:01,4.806
1749738251.369769,09:24:11,4.737
1749738261.437555,09:24:21,4.783
1749738271.689369,09:24:31,4.745
1749738281.755242,09:24:41,4.784
1749738291.92599,09:24:51,4.720
1749738301.991877,09:25:01,4.787
1749738312.05766,09:25:12,4.774
1749738322.129752,09:25:22,4.737
1749738332.223507,09:25:32,4.693
1749738342.289618,09:25:42,4.762
1749738352.357623,09:25:52,4.777
1749738362.424207,09:26:02,4.783
1749738372.489974,09:26:12,4.753
1749738382.561456,09:26:22,4.768
1749738392.627487,09:26:32,4.770
1749738402.693321,09:26:42,4.725
1749738412.945383,09:26:52,4.705
1749738423.010937,09:27:03,4.753
1749738433.076583,09:27:13,4.719
1749738443.14886,09:27:23,4.743
1749738453.242406,09:27:33,4.716
1749738463.308338,09:27:43,4.755
1749738473.377008,09:27:53,4.769
1749738483.442604,09:28:03,4.740
1749738493.508539,09:28:13,4.722
1749738503.579885,09:28:23,4.710
1749738513.645851,09:28:33,4.760
1749738523.711893,09:28:43,4.702
1749738533.781161,09:28:53,4.717
1749738543.847149,09:29:03,4.756
1749738553.913081,09:29:13,4.724
1749738563.988218,09:29:23,4.777
1749738574.053784,09:29:34,4.774
1749738584.119595,09:29:44,4.726
1749738594.191194,09:29:54,4.738
1749738604.276402,09:30:04,4.710
1749738614.342095,09:30:14,4.739
1749738624.411588,09:30:24,4.744
1749738634.477318,09:30:34,4.767
1749738644.54309,09:30:44,4.782
1749738654.614445,09:30:54,4.744
1749738664.680289,09:31:04,4.749
1749738674.881369,09:31:14,4.720
1749738684.95655,09:31:24,4.763
1749738695.022394,09:31:35,4.709
1749738705.088565,09:31:45,4.739
1749738715.157087,09:31:55,4.704
1749738725.237276,09:32:05,4.749
1749738735.489362,09:32:15,4.682
1749738745.557395,09:32:25,4.737
1749738755.623116,09:32:35,4.763
1749738765.689313,09:32:45,4.780
1749738775.757708,09:32:55,4.762
1749738785.823611,09:33:05,4.773
1749738795.889471,09:33:15,4.729
1749738805.959709,09:33:25,4.782
1749738816.025453,09:33:36,4.724
1749738826.091076,09:33:46,4.743
1749738836.162004,09:33:56,4.699
1749738846.227897,09:34:06,4.751
1749738856.311463,09:34:16,4.692
1749738866.385645,09:34:26,4.762
1749738876.451323,09:34:36,4.741
1749738886.517165,09:34:46,4.705
1749738896.586002,09:34:56,4.740
1749738906.838361,09:35:06,4.705
1749738916.904357,09:35:16,4.732
1749738926.973056,09:35:26,4.756
1749738937.038681,09:35:37,4.762
1749738947.104453,09:35:47,4.757
1749738957.176215,09:35:57,4.760
1749738967.242088,09:36:07,4.743
1749738977.325659,09:36:17,4.713
1749738987.394246,09:36:27,4.751
1749738997.460088,09:36:37,4.728
1749739007.526182,09:36:47,4.728
1749739017.594286,09:36:57,4.753
1749739027.660414,09:37:07,4.778
1749739037.726373,09:37:17,4.775
1749739047.801742,09:37:27,4.702
1749739057.867433,09:37:37,4.761
1749739067.933201,09:37:47,4.715
1749739078.008218,09:37:58,4.722
1749739088.073981,09:38:08,4.707
1749739098.139695,09:38:18,4.761
1749739108.213851,09:38:28,4.734
1749739118.294562,09:38:38,4.736
1749739128.376307,09:38:48,4.707
1749739138.445079,09:38:58,4.759
1749739148.510802,09:39:08,4.730
1749739158.576695,09:39:18,4.755
1749739168.649625,09:39:28,4.733
1749739178.715402,09:39:38,4.762
1749739188.781356,09:39:48,4.744
1749739198.854011,09:39:58,4.702
1749739209.106373,09:40:09,4.705
1749739219.172158,09:40:19,4.761
1749739229.243797,09:40:29,4.766
1749739239.329536,09:40:39,4.698
1749739249.396292,09:40:49,4.711
1749739259.470831,09:40:59,4.762
1749739269.536558,09:41:09,4.712
1749739279.602559,09:41:19,4.752
1749739289.677915,09:41:29,4.700
1749739299.743582,09:41:39,4.728
1749739309.809396,09:41:49,4.763
1749739319.883382,09:41:59,4.757
1749739330.032093,09:42:10,4.699
1749739340.097841,09:42:20,4.756
1749739350.166285,09:42:30,4.724
1749739360.232391,09:42:40,4.766
1749739370.298083,09:42:50,4.730
1749739380.399157,09:43:00,4.686
1749739390.464876,09:43:10,4.705
1749739400.530846,09:43:20,4.751
1749739410.606399,09:43:30,4.696
1749739420.672478,09:43:40,4.759
1749739430.73842,09:43:50,4.747
1749739440.812289,09:44:00,4.757
1749739450.878019,09:44:10,4.734
1749739460.943998,09:44:20,4.751
1749739471.017281,09:44:31,4.716
1749739481.083201,09:44:41,4.701
1749739491.149077,09:44:51,4.763
1749739501.21758,09:45:01,4.684
1749739511.283493,09:45:11,4.781
1749739521.365396,09:45:21,4.697
1749739531.444833,09:45:31,4.722
1749739541.510475,09:45:41,4.750
1749739551.576085,09:45:51,4.713
1749739561.646367,09:46:01,4.742
1749739571.712223,09:46:11,4.710
1749739581.777873,09:46:21,4.714
1749739591.848645,09:46:31,4.715
1749739601.914509,09:46:41,4.699
1749739611.980699,09:46:51,4.689
1749739622.049798,09:47:02,4.756
1749739632.115464,09:47:12,4.729
1749739642.181256,09:47:22,4.758
1749739652.252786,09:47:32,4.731
1749739662.318513,09:47:42,4.751
1749739672.411551,09:47:52,4.674
1749739682.479831,09:48:02,4.699
1749739692.545478,09:48:12,4.721
1749739702.6113,09:48:22,4.745
1749739712.683038,09:48:32,4.685
1749739722.748798,09:48:42,4.713
1749739732.814445,09:48:52,4.705
1749739742.883999,09:49:02,4.740
1749739752.950001,09:49:12,4.766
1749739763.015772,09:49:23,4.753
1749739773.087409,09:49:33,4.749
1749739783.153072,09:49:43,4.696
1749739793.218743,09:49:53,4.747
1749739803.288447,09:50:03,4.691
1749739813.35409,09:50:13,4.778
1749739823.606404,09:50:23,4.703
1749739833.675232,09:50:33,4.721
1749739843.741264,09:50:43,4.727
1749739853.807024,09:50:53,4.753
1749739863.882245,09:51:03,4.706
1749739873.947887,09:51:13,4.776
1749739884.01381,09:51:24,4.715
1749739894.086653,09:51:34,4.673
1749739904.152586,09:51:44,4.703
1749739914.218277,09:51:54,4.722
1749739924.28641,09:52:04,4.751
1749739934.352357,09:52:14,4.745
1749739944.448489,09:52:24,4.675
1749739954.518009,09:52:34,4.724
1749739964.583778,09:52:44,4.732
1749739974.649373,09:52:54,4.687
1749739984.720579,09:53:04,4.714
1749739994.786513,09:53:14,4.731
1749740004.852466,09:53:24,4.762
1749740014.927621,09:53:34,4.732
1749740024.993378,09:53:44,4.748
1749740035.059159,09:53:55,4.705
1749740045.128973,09:54:05,4.745
1749740055.194986,09:54:15,4.695
1749740065.260533,09:54:25,4.777
1749740075.331707,09:54:35,4.698
1749740085.397746,09:54:45,4.692
1749740095.649437,09:54:55,4.688
1749740105.718835,09:55:05,4.732
1749740115.78464,09:55:15,4.677
1749740125.850657,09:55:25,4.708
1749740135.92201,09:55:35,4.705
1749740145.98787,09:55:45,4.746
1749740156.053996,09:55:56,4.758
1749740166.122985,09:56:06,4.711
1749740176.188689,09:56:16,4.734
1749740186.254707,09:56:26,4.693
1749740196.327405,09:56:36,4.730
1749740206.393615,09:56:46,4.696
1749740216.484782,09:56:56,4.701
1749740226.554,09:57:06,4.758
1749740236.619748,09:57:16,4.739
1749740246.685858,09:57:26,4.755
1749740256.754303,09:57:36,4.713
1749740266.819975,09:57:46,4.752
1749740276.885756,09:57:56,4.716
1749740286.960168,09:58:06,4.715
1749740297.02584,09:58:17,4.716
1749740307.091768,09:58:27,4.760
1749740317.166707,09:58:37,4.737
1749740327.233281,09:58:47,4.753
1749740337.29915,09:58:57,4.678
1749740347.372531,09:59:07,4.692
1749740357.438238,09:59:17,4.687
1749740367.518471,09:59:27,4.700
1749740377.58761,09:59:37,4.704
1749740387.653336,09:59:47,4.734
1749740397.718986,09:59:57,4.740
1749740407.789879,10:00:07,4.673
1749740417.85557,10:00:17,4.716
1749740427.92211,10:00:27,4.736
1749740437.992087,10:00:37,4.720
1749740448.244415,10:00:48,4.703
1749740458.310327,10:00:58,4.740
1749740468.379717,10:01:08,4.674
1749740478.445609,10:01:18,4.755
1749740488.530315,10:01:28,4.666
1749740498.600735,10:01:38,4.711
1749740508.666408,10:01:48,4.758
1749740518.732117,10:01:58,4.732
1749740528.800351,10:02:08,4.725
1749740538.940952,10:02:18,4.672
1749740549.006692,10:02:29,4.762
1749740559.074889,10:02:39,4.725
1749740569.140593,10:02:49,4.746
1749740579.206871,10:02:59,4.712
1749740589.279069,10:03:09,4.723
1749740599.344829,10:03:19,4.725
1749740609.410848,10:03:29,4.760
1749740619.479031,10:03:39,4.720
1749740629.564639,10:03:49,4.684
1749740639.63032,10:03:59,4.759
1749740649.706083,10:04:09,4.745
1749740659.771761,10:04:19,4.753
1749740669.837476,10:04:29,4.701
1749740679.910102,10:04:39,4.750
1749740689.975776,10:04:49,4.722
1749740700.041734,10:05:00,4.758
1749740710.11063,10:05:10,4.732
1749740720.176356,10:05:20,4.725
1749740730.241961,10:05:30,4.694
1749740740.312691,10:05:40,4.708
1749740750.378716,10:05:50,4.726
1749740760.444376,10:06:00,4.689
1749740770.539922,10:06:10,4.689
1749740780.605856,10:06:20,4.696
1749740790.67149,10:06:30,4.690
1749740800.741527,10:06:40,4.691
1749740810.807351,10:06:50,4.679
1749740820.873283,10:07:00,4.741
1749740830.941531,10:07:10,4.719
1749740841.011077,10:07:21,4.727
1749740851.077196,10:07:31,4.739
1749740861.145643,10:07:41,4.702
1749740871.212033,10:07:51,4.707
1749740881.278258,10:08:01,4.743
1749740891.530962,10:08:11,4.672
1749740901.6089,10:08:21,4.675
1749740911.674999,10:08:31,4.730
1749740921.749737,10:08:41,4.682
1749740931.815375,10:08:51,4.738
1749740941.881558,10:09:01,4.718
1749740951.955646,10:09:11,4.684
1749740962.021468,10:09:22,4.703
1749740972.087523,10:09:32,4.718
1749740982.157022,10:09:42,4.709
1749740992.222883,10:09:52,4.714
1749741002.288669,10:10:02,4.741
1749741012.35738,10:10:12,4.713
1749741022.423596,10:10:22,4.657
1749741032.489518,10:10:32,4.725
1749741042.598568,10:10:42,4.655
1749741052.66457,10:10:52,4.728
1749741062.733483,10:11:02,4.704
1749741072.803354,10:11:12,4.693
1749741082.868994,10:11:22,4.734
1749741092.934643,10:11:32,4.689
1749741103.006056,10:11:43,4.661
1749741113.072209,10:11:53,4.727
1749741123.138214,10:12:03,4.740
1749741133.207296,10:12:13,4.701
1749741143.273301,10:12:23,4.732
1749741153.3391,10:12:33,4.730
1749741163.410851,10:12:43,4.687
1749741173.476861,10:12:53,4.699
1749741183.542731,10:13:03,4.752
1749741193.633667,10:13:13,4.688
1749741203.699297,10:13:23,4.737
1749741213.76531,10:13:33,4.682
1749741223.836582,10:13:43,4.699
1749741233.902468,10:13:53,4.731
1749741243.96859,10:14:03,4.720
1749741254.037243,10:14:14,4.706
1749741264.103135,10:14:24,4.733
1749741274.168903,10:14:34,4.706
1749741284.244816,10:14:44,4.662
1749741294.449545,10:14:54,4.650
1749741304.515308,10:15:04,4.652
1749741314.603807,10:15:14,4.656
1749741324.66989,10:15:24,4.656
1749741334.735936,10:15:34,4.707
1749741344.808811,10:15:44,4.670
1749741354.87485,10:15:54,4.707
1749741364.940924,10:16:04,4.682
1749741375.009494,10:16:15,4.657
1749741385.075352,10:16:25,4.719
1749741395.140944,10:16:35,4.710
1749741405.213051,10:16:45,4.704
1749741415.278895,10:16:55,4.732
1749741425.344466,10:17:05,4.690
1749741435.596419,10:17:15,4.663
1749741445.683513,10:17:25,4.653
1749741455.749214,10:17:35,4.708
1749741465.823879,10:17:45,4.714
1749741475.890004,10:17:55,4.726
1749741485.955928,10:18:05,4.671
1749741496.03154,10:18:16,4.705
1749741506.097204,10:18:26,4.714
1749741516.163161,10:18:36,4.700
1749741526.231166,10:18:46,4.716
1749741536.296803,10:18:56,4.656
1749741546.362838,10:19:06,4.661
1749741556.43161,10:19:16,4.665
1749741566.497375,10:19:26,4.677
1749741576.563299,10:19:36,4.651
1749741586.670236,10:19:46,4.635
1749741596.922408,10:19:56,4.662
1749741606.988258,10:20:06,4.736
1749741617.062839,10:20:17,4.673
1749741627.129152,10:20:27,4.724
1749741637.195068,10:20:37,4.663
1749741647.263917,10:20:47,4.678
1749741657.329907,10:20:57,4.671
1749741667.395679,10:21:07,4.705
1749741677.466423,10:21:17,4.667
1749741687.532389,10:21:27,4.668
1749741697.598527,10:21:37,4.709
1749741707.696648,10:21:47,4.657
1749741717.762334,10:21:57,4.695
1749741727.828177,10:22:07,4.723
1749741737.898285,10:22:17,4.657
1749741747.963975,10:22:27,4.711
1749741758.029801,10:22:38,4.648
1749741768.151915,10:22:48,4.655
1749741778.217637,10:22:58,4.697
1749741788.283532,10:23:08,4.661
1749741798.354774,10:23:18,4.705
1749741808.420486,10:23:28,4.661
1749741818.486156,10:23:38,4.732
1749741828.560215,10:23:48,4.663
1749741838.626041,10:23:58,4.714
1749741848.70995,10:24:08,4.641
1749741858.788559,10:24:18,4.681
1749741868.854169,10:24:28,4.709
1749741878.920247,10:24:38,4.729
1749741888.991943,10:24:48,4.664
1749741899.057911,10:24:59,4.709
1749741909.12384,10:25:09,4.727
1749741919.193143,10:25:19,4.710
1749741929.258827,10:25:29,4.692
1749741939.324737,10:25:39,4.716
1749741949.394104,10:25:49,4.713
1749741959.459969,10:25:59,4.696
1749741969.525813,10:26:09,4.711
1749741979.597242,10:26:19,4.686
1749741989.662859,10:26:29,4.663
1749741999.745227,10:26:39,4.661
1749742009.814299,10:26:49,4.708
1749742019.879883,10:26:59,4.679
1749742029.94581,10:27:09,4.702
1749742040.016827,10:27:20,4.648
1749742050.082598,10:27:30,4.654
1749742060.148211,10:27:40,4.705
1749742070.218447,10:27:50,4.700
1749742080.284314,10:28:00,4.652
1749742090.350175,10:28:10,4.686
1749742100.418741,10:28:20,4.623
1749742110.484649,10:28:30,4.642
1749742120.550388,10:28:40,4.683
1749742130.619119,10:28:50,4.697
1749742140.693512,10:29:00,4.688
1749742150.778677,10:29:10,4.641
1749742160.847646,10:29:20,4.634
1749742170.913359,10:29:30,4.651
1749742180.979079,10:29:40,4.682
1749742191.05032,10:29:51,4.690
1749742201.116093,10:30:01,4.701
1749742211.181789,10:30:11,4.665
1749742221.254096,10:30:21,4.659
1749742231.319727,10:30:31,4.688
1749742241.385482,10:30:41,4.632
1749742251.459605,10:30:51,4.616
1749742261.527021,10:31:01,4.718
1749742271.592852,10:31:11,4.681
1749742281.665799,10:31:21,4.663
1749742291.758307,10:31:31,4.659
1749742301.824248,10:31:41,4.719
1749742311.892744,10:31:51,4.696
1749742321.958632,10:32:01,4.710
1749742332.025239,10:32:12,4.719
1749742342.093787,10:32:22,4.690
1749742352.159706,10:32:32,4.696
1749742362.225409,10:32:42,4.639
1749742372.29949,10:32:52,4.626
1749742382.365283,10:33:02,4.714
1749742392.430926,10:33:12,4.701
1749742402.506522,10:33:22,4.690
1749742412.572289,10:33:32,4.705
1749742422.638301,10:33:42,4.709
1749742432.709248,10:33:52,4.679
1749742442.791916,10:34:02,4.616
1749742452.857785,10:34:12,4.714
1749742462.927269,10:34:22,4.707
1749742472.993047,10:34:32,4.686
1749742483.058814,10:34:43,4.728
1749742493.127483,10:34:53,4.698
1749742503.19312,10:35:03,4.683
1749742513.258986,10:35:13,4.704
1749742523.329741,10:35:23,4.678
1749742533.395805,10:35:33,4.693
1749742543.461957,10:35:43,4.653
1749742553.531576,10:35:53,4.708
1749742563.597309,10:36:03,4.656
1749742573.663305,10:36:13,4.643
1749742583.734535,10:36:23,4.630
1749742593.813356,10:36:33,4.641
1749742603.879426,10:36:43,4.714
1749742613.94898,10:36:53,4.709
1749742624.015288,10:37:04,4.640
1749742634.081386,10:37:14,4.703
1749742644.150068,10:37:24,4.689
1749742654.402533,10:37:34,4.653
1749742664.468318,10:37:44,4.637
1749742674.538552,10:37:54,4.705
1749742684.604448,10:38:04,4.700
1749742694.670233,10:38:14,4.643
1749742704.740684,10:38:24,4.657
1749742714.826024,10:38:34,4.638
1749742724.892022,10:38:44,4.672
1749742734.963976,10:38:54,4.713
1749742745.029626,10:39:05,4.714
1749742755.095425,10:39:15,4.697
1749742765.166961,10:39:25,4.687
1749742775.232921,10:39:35,4.709
1749742785.298959,10:39:45,4.661
1749742795.368352,10:39:55,4.641
1749742805.434386,10:40:05,4.649
1749742815.500467,10:40:15,4.702
1749742825.571098,10:40:25,4.677
1749742835.6368,10:40:35,4.697
1749742845.702911,10:40:45,4.725
1749742855.772304,10:40:55,4.683
1749742865.854968,10:41:05,4.653
1749742875.920831,10:41:15,4.712
1749742885.989543,10:41:25,4.649
1749742896.055495,10:41:36,4.712
1749742906.12148,10:41:46,4.692
1749742916.19539,10:41:56,4.634
1749742926.261129,10:42:06,4.637
1749742936.327303,10:42:16,4.698
1749742946.397138,10:42:26,4.629
1749742956.462946,10:42:36,4.710
1749742966.528904,10:42:46,4.669
1749742976.598051,10:42:56,4.708
1749742986.664113,10:43:06,4.702
1749742996.729815,10:43:16,4.706
1749743006.805696,10:43:26,4.668
1749743016.888292,10:43:36,4.647
1749743026.954013,10:43:46,4.722
1749743037.02236,10:43:57,4.697
1749743047.088119,10:44:07,4.685
1749743057.154066,10:44:17,4.709
1749743067.231775,10:44:27,4.659
1749743077.297365,10:44:37,4.692
1749743087.363392,10:44:47,4.711
1749743097.431681,10:44:57,4.665
1749743107.497782,10:45:07,4.706
1749743117.563493,10:45:17,4.666
1749743127.63299,10:45:27,4.703
1749743137.698751,10:45:37,4.707
1749743147.764527,10:45:47,4.673
1749743158.016359,10:45:58,4.656
1749743168.082563,10:46:08,4.698
1749743178.148257,10:46:18,4.717
1749743188.220058,10:46:28,4.701
1749743198.286028,10:46:38,4.698
1749743208.351811,10:46:48,4.684
1749743218.422005,10:46:58,4.621
1749743228.48778,10:47:08,4.634
1749743238.553717,10:47:18,4.635
1749743248.623976,10:47:28,4.651
1749743258.689832,10:47:38,4.693
1749743268.755755,10:47:48,4.648
1749743278.825544,10:47:58,4.659
1749743288.918827,10:48:08,4.629
1749743298.984635,10:48:18,4.690
1749743309.058361,10:48:29,4.674
1749743319.124323,10:48:39,4.654
1749743329.189977,10:48:49,4.682
1749743339.260827,10:48:59,4.640
1749743349.326694,10:49:09,4.631
1749743359.392597,10:49:19,4.636
1749743369.462683,10:49:29,4.618
1749743379.528588,10:49:39,4.712
1749743389.594492,10:49:49,4.662
1749743399.668577,10:49:59,4.705
1749743409.734239,10:50:09,4.655
1749743419.800268,10:50:19,4.702
1749743429.874939,10:50:29,4.681
1749743439.957933,10:50:39,4.645
1749743450.024191,10:50:50,4.674
1749743460.093271,10:51:00,4.674
1749743470.158984,10:51:10,4.696
1749743480.225195,10:51:20,4.686
1749743490.295555,10:51:30,4.670
1749743500.361367,10:51:40,4.690
1749743510.427282,10:51:50,4.641
1749743520.498054,10:52:00,4.647
1749743530.563981,10:52:10,4.638
1749743540.629938,10:52:20,4.626
1749743550.702964,10:52:30,4.641
1749743560.768886,10:52:40,4.701
1749743570.834669,10:52:50,4.679
1749743580.920962,10:53:00,4.647
1749743590.992448,10:53:10,4.649
1749743601.058302,10:53:21,4.690
1749743611.128799,10:53:31,4.685
1749743621.194424,10:53:41,4.658
1749743631.260401,10:53:51,4.695
1749743641.331062,10:54:01,4.672
1749743651.396898,10:54:11,4.672
1749743661.462769,10:54:21,4.671
1749743671.533229,10:54:31,4.683
1749743681.598782,10:54:41,4.681
1749743691.664656,10:54:51,4.666
1749743701.738474,10:55:01,4.669
1749743711.804654,10:55:11,4.668
1749743721.870573,10:55:21,4.678
1749743731.969085,10:55:31,4.640
1749743742.221354,10:55:42,4.638
1749743752.287219,10:55:52,4.702
1749743762.359189,10:56:02,4.633
1749743772.425148,10:56:12,4.663
1749743782.490815,10:56:22,4.665
1749743792.56186,10:56:32,4.658
1749743802.627813,10:56:42,4.695
1749743812.693666,10:56:52,4.637
1749743822.764679,10:57:02,4.662
1749743832.830435,10:57:12,4.675
1749743842.896066,10:57:22,4.630
1749743852.992841,10:57:32,4.616
1749743863.05857,10:57:43,4.682
1749743873.124278,10:57:53,4.670
1749743883.192712,10:58:03,4.668
1749743893.258448,10:58:13,4.670
1749743903.324199,10:58:23,4.612
1749743913.395649,10:58:33,4.655
1749743923.461617,10:58:43,4.640
1749743933.527777,10:58:53,4.696
1749743943.596853,10:59:03,4.674
1749743953.662539,10:59:13,4.647
1749743963.728247,10:59:23,4.691
1749743973.801485,10:59:33,4.621
1749743983.867912,10:59:43,4.668
1749743993.933764,10:59:53,4.636
1749744004.020187,11:00:04,4.628
1749744014.085871,11:00:14,4.635
1749744024.151887,11:00:24,4.673
1749744034.220658,11:00:34,4.678
1749744044.286657,11:00:44,4.690
1749744054.352524,11:00:54,4.654
1749744064.423531,11:01:04,4.666
1749744074.48919,11:01:14,4.673
1749744084.554974,11:01:24,4.639
1749744094.625922,11:01:34,4.653
1749744104.691844,11:01:44,4.628
1749744114.757542,11:01:54,4.679
1749744124.829278,11:02:04,4.659
1749744134.894917,11:02:14,4.621
1749744144.98066,11:02:24,4.639
1749744155.063146,11:02:35,4.624
1749744165.128929,11:02:45,4.668
1749744175.195021,11:02:55,4.680
1749744185.263412,11:03:05,4.648
1749744195.329179,11:03:15,4.678
1749744205.394951,11:03:25,4.610
1749744215.468037,11:03:35,4.627
1749744225.53403,11:03:45,4.681
1749744235.599916,11:03:55,4.679
1749744245.672232,11:04:05,4.616
1749744255.738104,11:04:15,4.675
1749744265.804037,11:04:25,4.681
1749744275.87434,11:04:35,4.608
1749744285.939997,11:04:45,4.674
1749744296.032696,11:04:56,4.633
1749744306.101749,11:05:06,4.665
1749744316.16781,11:05:16,4.619
1749744326.233458,11:05:26,4.630
1749744336.306708,11:05:36,4.635
1749744346.372354,11:05:46,4.651
1749744356.438245,11:05:56,4.674
1749744366.514523,11:06:06,4.649
1749744376.580153,11:06:16,4.648
1749744386.645994,11:06:26,4.662
1749744396.717893,11:06:36,4.680
1749744406.783692,11:06:46,4.681
1749744416.84949,11:06:56,4.666
1749744426.919997,11:07:06,4.697
1749744436.98599,11:07:16,4.690
1749744447.070078,11:07:27,4.618
1749744457.140167,11:07:37,4.666
1749744467.206044,11:07:47,4.673
1749744477.2717,11:07:57,4.626
1749744487.340491,11:08:07,4.663
1749744497.409474,11:08:17,4.593
1749744507.475441,11:08:27,4.612
1749744517.544882,11:08:37,4.678
1749744527.610714,11:08:47,4.653
1749744537.676476,11:08:57,4.705
1749744547.745042,11:09:07,4.640
1749744557.810862,11:09:17,4.682
1749744567.876725,11:09:27,4.639
1749744577.945491,11:09:37,4.655
1749744588.011409,11:09:48,4.654
1749744598.093136,11:09:58,4.615
1749744608.162453,11:10:08,4.648
1749744618.228379,11:10:18,4.685
1749744628.294165,11:10:28,4.631
1749744638.365065,11:10:38,4.687
1749744648.430827,11:10:48,4.666
1749744658.496612,11:10:58,4.693
1749744668.566621,11:11:08,4.668
1749744678.632487,11:11:18,4.648
1749744688.698248,11:11:28,4.652
1749744698.767869,11:11:38,4.679
1749744708.83386,11:11:48,4.628
1749744718.899754,11:11:58,4.678
1749744728.968515,11:12:08,4.670
1749744739.034517,11:12:19,4.677
1749744749.118776,11:12:29,4.616
1749744759.186741,11:12:39,4.703
1749744769.252493,11:12:49,4.657
1749744779.318515,11:12:59,4.671
1749744789.392593,11:13:09,4.650
1749744799.458423,11:13:19,4.673
1749744809.524285,11:13:29,4.625
1749744819.595375,11:13:39,4.654
1749744829.661155,11:13:49,4.657
1749744839.727166,11:13:59,4.680
1749744849.796496,11:14:09,4.650
1749744859.862409,11:14:19,4.643
1749744869.928053,11:14:29,4.690
1749744879.996067,11:14:39,4.661
1749744890.061741,11:14:50,4.649
1749744900.144169,11:15:00,4.611
1749744910.213368,11:15:10,4.647
1749744920.279019,11:15:20,4.642
1749744930.344834,11:15:30,4.674
1749744940.420494,11:15:40,4.587
1749744950.486403,11:15:50,4.623
1749744960.552207,11:16:00,4.655
1749744970.784308,11:16:10,4.616
1749744980.850455,11:16:20,4.679
1749744990.916273,11:16:30,4.612
1749745000.984321,11:16:40,4.666
1749745011.050104,11:16:51,4.668
1749745021.14846,11:17:01,4.615
1749745031.216983,11:17:11,4.599
1749745041.283212,11:17:21,4.677
1749745051.349558,11:17:31,4.619
1749745061.418555,11:17:41,4.669
1749745071.485001,11:17:51,4.668
1749745081.550735,11:18:01,4.648
1749745091.61942,11:18:11,4.609
1749745101.685211,11:18:21,4.618
1749745111.937375,11:18:31,4.619
1749745122.01134,11:18:42,4.674
1749745132.077653,11:18:52,4.676
1749745142.167639,11:19:02,4.609
1749745152.236988,11:19:12,4.598
1749745162.302712,11:19:22,4.681
1749745172.368548,11:19:32,4.636
1749745182.436751,11:19:42,4.647
1749745192.502969,11:19:52,4.686
1749745202.568674,11:20:02,4.647
1749745212.641972,11:20:12,4.599
1749745222.707936,11:20:22,4.617
1749745232.773732,11:20:32,4.682
1749745242.84194,11:20:42,4.631
1749745252.907602,11:20:52,4.642
1749745262.973307,11:21:02,4.605
1749745273.048044,11:21:13,4.643
1749745283.113769,11:21:23,4.670
1749745293.19921,11:21:33,4.632
1749745303.269369,11:21:43,4.615
1749745313.335162,11:21:53,4.661
1749745323.40115,11:22:03,4.657
1749745333.470758,11:22:13,4.655
1749745343.722379,11:22:23,4.623
1749745353.787992,11:22:33,4.620
1749745363.856893,11:22:43,4.642
1749745373.922966,11:22:53,4.683
1749745383.988919,11:23:03,4.674
1749745394.057857,11:23:14,4.643
1749745404.123623,11:23:24,4.679
1749745414.214379,11:23:34,4.616
1749745424.283316,11:23:44,4.659
1749745434.348978,11:23:54,4.686
1749745444.414875,11:24:04,4.652
1749745454.487283,11:24:14,4.671
1749745464.552871,11:24:24,4.668
1749745474.618737,11:24:34,4.626
1749745484.68744,11:24:44,4.650
1749745494.753296,11:24:54,4.669
1749745504.818932,11:25:04,4.653
1749745514.889152,11:25:14,4.647
1749745524.955039,11:25:24,4.664
1749745535.020919,11:25:35,4.663
1749745545.091635,11:25:45,4.650
1749745555.157294,11:25:55,4.648
1749745565.243352,11:26:05,4.604
1749745575.31281,11:26:15,4.607
1749745585.378634,11:26:25,4.676
1749745595.444636,11:26:35,4.610
1749745605.64567,11:26:45,4.625
1749745615.712132,11:26:55,4.645
1749745625.778136,11:27:05,4.681
1749745635.849544,11:27:15,4.629
1749745645.915265,11:27:25,4.624
1749745655.981235,11:27:35,4.637
1749745666.049926,11:27:46,4.658
1749745676.115991,11:27:56,4.679
1749745686.181863,11:28:06,4.642
1749745696.273386,11:28:16,4.622
1749745706.339295,11:28:26,4.657
1749745716.405403,11:28:36,4.663
1749745726.474019,11:28:46,4.645
1749745736.539864,11:28:56,4.654
1749745746.605838,11:29:06,4.672
1749745756.674951,11:29:16,4.625
1749745766.740719,11:29:26,4.627
1749745776.806568,11:29:36,4.672
1749745786.877563,11:29:46,4.616
1749745796.943388,11:29:56,4.613
1749745807.009484,11:30:07,4.657
1749745817.080989,11:30:17,4.676
1749745827.146705,11:30:27,4.672
1749745837.212642,11:30:37,4.657
1749745847.302269,11:30:47,4.620
1749745857.368293,11:30:57,4.664
1749745867.434457,11:31:07,4.671
1749745877.503186,11:31:17,4.655
1749745887.568955,11:31:27,4.657
1749745897.634608,11:31:37,4.638
1749745907.706619,11:31:47,4.598
1749745917.772652,11:31:57,4.668
1749745927.838649,11:32:07,4.615
1749745937.912332,11:32:17,4.662
1749745947.97838,11:32:27,4.625
1749745958.044359,11:32:38,4.687
1749745968.113142,11:32:48,4.675
1749745978.179349,11:32:58,4.627
1749745988.245696,11:33:08,4.673
1749745998.337957,11:33:18,4.615
1749746008.403663,11:33:28,4.672
1749746018.469608,11:33:38,4.609
1749746028.538915,11:33:48,4.665
1749746038.60478,11:33:58,4.659
1749746048.671025,11:34:08,4.681
1749746058.741539,11:34:18,4.625
1749746068.807311,11:34:28,4.630
1749746079.059549,11:34:39,4.618
1749746089.128867,11:34:49,4.669
1749746099.194673,11:34:59,4.696
1749746109.260512,11:35:09,4.629
1749746119.353868,11:35:19,4.629
1749746129.419752,11:35:29,4.663
1749746139.485562,11:35:39,4.658
1749746149.561181,11:35:49,4.604
1749746159.627008,11:35:59,4.637
1749746169.692839,11:36:09,4.668
1749746179.768863,11:36:19,4.646
1749746189.834843,11:36:29,4.629
1749746199.900719,11:36:39,4.675
1749746209.969765,11:36:49,4.672
1749746220.035569,11:37:00,4.653
1749746230.101276,11:37:10,4.626
1749746240.174554,11:37:20,4.607
1749746250.240398,11:37:30,4.683
1749746260.322295,11:37:40,4.628
1749746270.401286,11:37:50,4.642
1749746280.467174,11:38:00,4.671
1749746290.532993,11:38:10,4.630
1749746300.601631,11:38:20,4.663
1749746310.667415,11:38:30,4.618
1749746320.733111,11:38:40,4.664
1749746330.801409,11:38:50,4.607
1749746340.867403,11:39:00,4.668
1749746350.933205,11:39:10,4.638
1749746361.001337,11:39:21,4.688
1749746371.067012,11:39:31,4.609
1749746381.132858,11:39:41,4.666
1749746391.202951,11:39:51,4.677
1749746401.268777,11:40:01,4.690
1749746411.354788,11:40:11,4.607
1749746421.431332,11:40:21,4.613
1749746431.497129,11:40:31,4.609
1749746441.562909,11:40:41,4.649
1749746451.633739,11:40:51,4.669
1749746461.699477,11:41:01,4.655
1749746471.765418,11:41:11,4.670
1749746481.837125,11:41:21,4.670
1749746491.903028,11:41:31,4.654
1749746501.968754,11:41:41,4.615
1749746512.037976,11:41:52,4.663
1749746522.103758,11:42:02,4.642
1749746532.169532,11:42:12,4.668
1749746542.238857,11:42:22,4.669
1749746552.304943,11:42:32,4.649
1749746562.391845,11:42:42,4.616
1749746572.461979,11:42:52,4.651
1749746582.528057,11:43:02,4.673
1749746592.593833,11:43:12,4.644
1749746602.666546,11:43:22,4.628
1749746612.732603,11:43:32,4.648
1749746622.798383,11:43:42,4.669
1749746632.868305,11:43:52,4.662
1749746642.933986,11:44:02,4.641
1749746653.000028,11:44:13,4.668
1749746663.071582,11:44:23,4.675
1749746673.137599,11:44:33,4.672
1749746683.203411,11:44:43,4.655
1749746693.273269,11:44:53,4.627
1749746703.339362,11:45:03,4.671
1749746713.4316,11:45:13,4.613
1749746723.499911,11:45:23,4.720
1749746733.565759,11:45:33,4.638
1749746743.631779,11:45:43,4.688
1749746753.700579,11:45:53,4.664
1749746763.766355,11:46:03,4.687
1749746773.832391,11:46:13,4.615
1749746783.901613,11:46:23,4.661
1749746793.967265,11:46:33,4.677
1749746804.033316,11:46:44,4.640
1749746814.104277,11:46:54,4.614
1749746824.170151,11:47:04,4.671
1749746834.236283,11:47:14,4.661
1749746844.30567,11:47:24,4.660
1749746854.37168,11:47:34,4.611
1749746864.464506,11:47:44,4.588
1749746874.540834,11:47:54,4.615
1749746884.606614,11:48:04,4.669
1749746894.858368,11:48:14,4.586
1749746904.92975,11:48:24,4.680
1749746914.995467,11:48:34,4.651
1749746925.061431,11:48:45,4.613
1749746935.132956,11:48:55,4.617
1749746945.198857,11:49:05,4.625
1749746955.26493,11:49:15,4.584
1749746965.333954,11:49:25,4.652
1749746975.399894,11:49:35,4.645
1749746985.483776,11:49:45,4.600
1749746995.553156,11:49:55,4.668
1749747005.619069,11:50:05,4.651
1749747015.684968,11:50:15,4.658
1749747025.75605,11:50:25,4.667
1749747035.821839,11:50:35,4.659
1749747045.988624,11:50:45,4.621
1749747056.058183,11:50:56,4.629
1749747066.125604,11:51:06,4.638
1749747076.191365,11:51:16,4.647
1749747086.262493,11:51:26,4.592
1749747096.328356,11:51:36,4.656
1749747106.394324,11:51:46,4.594
1749747116.494033,11:51:56,4.598
1749747126.560102,11:52:06,4.635
1749747136.81237,11:52:16,4.593
1749747146.885382,11:52:26,4.657
1749747157.13739,11:52:37,4.609
1749747167.203133,11:52:47,4.653
1749747177.273328,11:52:57,4.609
1749747187.339332,11:53:07,4.620
1749747197.404972,11:53:17,4.652
1749747207.500968,11:53:27,4.588
1749747217.567385,11:53:37,4.668
1749747227.633182,11:53:47,4.638
1749747237.701952,11:53:57,4.656
1749747247.767766,11:54:07,4.620
1749747257.833411,11:54:17,4.634
1749747267.904493,11:54:27,4.647
1749747277.97032,11:54:37,4.583
1749747288.036063,11:54:48,4.601
1749747298.104974,11:54:58,4.591
1749747308.171028,11:55:08,4.646
1749747318.236715,11:55:18,4.586
1749747328.308751,11:55:28,4.640
1749747338.374378,11:55:38,4.635
1749747348.440358,11:55:48,4.649
1749747358.545736,11:55:58,4.590
1749747368.611394,11:56:08,4.617
1749747378.677115,11:56:18,4.598
1749747388.749993,11:56:28,4.585
1749747398.815766,11:56:38,4.647
1749747408.881463,11:56:48,4.630
1749747418.952924,11:56:58,4.588
1749747429.019076,11:57:09,4.597
1749747439.084746,11:57:19,4.594
1749747449.154712,11:57:29,4.626
1749747459.220456,11:57:39,4.626
1749747469.28651,11:57:49,4.649
1749747479.355583,11:57:59,4.617
1749747489.421561,11:58:09,4.633
1749747499.502437,11:58:19,4.564
1749747509.591449,11:58:29,4.597
1749747519.657243,11:58:39,4.635
1749747529.723209,11:58:49,4.643
1749747539.793868,11:58:59,4.639
1749747549.859635,11:59:09,4.621
1749747559.925258,11:59:19,4.636
1749747569.994343,11:59:29,4.650
1749747580.059909,11:59:40,4.602
1749747590.125892,11:59:50,4.633
1749747600.19694,12:00:00,4.569
1749747610.262795,12:00:10,4.665
1749747620.328814,12:00:20,4.635
1749747630.39959,12:00:30,4.584
1749747640.465517,12:00:40,4.663
1749747650.557396,12:00:50,4.578
1749747660.625454,12:01:00,4.642
1749747670.691076,12:01:10,4.665
1749747680.756811,12:01:20,4.612
1749747690.828318,12:01:30,4.665
1749747700.894233,12:01:40,4.658
1749747710.959911,12:01:50,4.650
1749747721.030785,12:02:01,4.610
1749747731.096837,12:02:11,4.623
1749747741.162832,12:02:21,4.567
1749747751.231646,12:02:31,4.634
1749747761.297402,12:02:41,4.599
1749747771.363001,12:02:51,4.622
1749747781.432481,12:03:01,4.559
1749747791.498246,12:03:11,4.578
1749747801.592849,12:03:21,4.576
1749747811.661839,12:03:31,4.687
1749747821.727536,12:03:41,4.579
1749747831.793241,12:03:51,4.634
1749747841.862722,12:04:01,4.627
1749747851.928439,12:04:11,4.634
1749747861.994413,12:04:21,4.625
1749747872.063197,12:04:32,4.626
1749747882.128998,12:04:42,4.585
1749747892.195277,12:04:52,4.624
1749747902.267573,12:05:02,4.618
1749747912.333549,12:05:12,4.614
1749747922.399471,12:05:22,4.627
1749747932.470115,12:05:32,4.623
1749747942.535964,12:05:42,4.644
1749747952.618204,12:05:52,4.572
1749747962.687201,12:06:02,4.591
1749747972.752927,12:06:12,4.612
1749747982.818611,12:06:22,4.573
1749747992.892488,12:06:32,4.642
1749748002.958281,12:06:42,4.624
1749748013.024166,12:06:53,4.593
1749748023.097686,12:07:03,4.574
1749748033.163575,12:07:13,4.646
1749748043.22939,12:07:23,4.621
1749748053.298386,12:07:33,4.623
1749748063.364236,12:07:43,4.630
1749748073.430035,12:07:53,4.596
1749748083.501192,12:08:03,4.582
1749748093.566982,12:08:13,4.580
1749748103.649278,12:08:23,4.584
1749748113.717733,12:08:33,4.578
1749748123.783578,12:08:43,4.570
1749748133.849614,12:08:53,4.586
1749748143.919812,12:09:03,4.606
1749748153.98541,12:09:13,4.629
1749748164.051134,12:09:24,4.586
1749748174.122537,12:09:34,4.637
1749748184.188241,12:09:44,4.610
1749748194.254058,12:09:54,4.640
1749748204.323768,12:10:04,4.602
1749748214.389628,12:10:14,4.637
1749748224.455398,12:10:24,4.612
1749748234.530061,12:10:34,4.637
1749748244.595733,12:10:44,4.612
1749748254.679906,12:10:54,4.565
1749748264.748474,12:11:04,4.607
1749748274.814154,12:11:14,4.612
1749748284.879899,12:11:24,4.579
1749748294.95561,12:11:34,4.551
1749748305.021269,12:11:45,4.635
1749748315.08702,12:11:55,4.589
1749748325.156512,12:12:05,4.612
1749748335.222392,12:12:15,4.608
1749748345.288203,12:12:25,4.625
1749748355.359288,12:12:35,4.597
1749748365.424865,12:12:45,4.593
1749748375.490802,12:12:55,4.563
1749748385.560423,12:13:05,4.554
1749748395.653465,12:13:15,4.540
1749748405.719414,12:13:25,4.589
1749748415.787717,12:13:35,4.538
1749748425.989869,12:13:45,4.582
1749748436.05546,12:13:56,4.593
1749748446.130288,12:14:06,4.565
1749748456.196189,12:14:16,4.579
1749748466.261959,12:14:26,4.642
1749748476.337248,12:14:36,4.584
1749748486.403098,12:14:46,4.616
1749748496.46909,12:14:56,4.640
1749748506.537965,12:15:06,4.627
1749748516.604053,12:15:16,4.576
1749748526.693357,12:15:26,4.582
1749748536.761515,12:15:36,4.631
1749748546.827231,12:15:46,4.616
1749748556.893414,12:15:56,4.637
1749748566.968583,12:16:06,4.593
1749748577.034294,12:16:17,4.552
1749748587.100043,12:16:27,4.601
1749748597.168516,12:16:37,4.581
1749748607.234342,12:16:47,4.651
1749748617.300222,12:16:57,4.593
1749748627.37096,12:17:07,4.614
1749748637.437079,12:17:17,4.647
1749748647.503037,12:17:27,4.591
1749748657.579527,12:17:37,4.554
1749748667.645362,12:17:47,4.621
1749748677.72844,12:17:57,4.558
1749748687.797068,12:18:07,4.591
1749748697.862866,12:18:17,4.634
1749748707.929029,12:18:27,4.611
1749748717.998212,12:18:37,4.614
1749748728.063979,12:18:48,4.622
1749748738.129695,12:18:58,4.573
1749748748.201015,12:19:08,4.586
1749748758.26688,12:19:18,4.585
1749748768.332683,12:19:28,4.635
1749748778.402709,12:19:38,4.616
1749748788.468446,12:19:48,4.574
1749748798.534446,12:19:58,4.616
1749748808.604531,12:20:08,4.564
1749748818.670488,12:20:18,4.638
1749748828.752873,12:20:28,4.567
1749748838.822254,12:20:38,4.650
1749748848.887896,12:20:48,4.579
1749748858.953707,12:20:58,4.618
1749748869.022136,12:21:09,4.558
1749748879.087855,12:21:19,4.636
1749748889.153599,12:21:29,4.601
1749748899.226383,12:21:39,4.632
1749748909.292123,12:21:49,4.625
1749748919.357939,12:21:59,4.628
1749748929.427249,12:22:09,4.580
1749748939.493306,12:22:19,4.627
1749748949.559054,12:22:29,4.661
1749748959.628203,12:22:39,4.622
1749748969.693972,12:22:49,4.616
1749748979.776891,12:22:59,4.555
1749748989.847943,12:23:09,4.617
1749748999.913752,12:23:19,4.611
1749749009.979453,12:23:29,4.638
1749749020.054983,12:23:40,4.622
1749749030.12067,12:23:50,4.613
1749749040.186694,12:24:00,4.621
1749749050.255409,12:24:10,4.601
1749749060.321256,12:24:20,4.616
1749749070.387638,12:24:30,4.568
1749749080.456392,12:24:40,4.594
1749749090.522198,12:24:50,4.602
1749749100.588071,12:25:00,4.565
1749749110.656759,12:25:10,4.633
1749749120.735234,12:25:20,4.575
1749749130.810142,12:25:30,4.603
1749749140.88298,12:25:40,4.645
1749749150.948941,12:25:50,4.594
1749749161.014796,12:26:01,4.640
1749749171.083835,12:26:11,4.581
1749749181.149785,12:26:21,4.607
1749749191.215428,12:26:31,4.630
1749749201.287094,12:26:41,4.639
1749749211.352801,12:26:51,4.546
1749749221.418514,12:27:01,4.624
1749749231.49453,12:27:11,4.561
1749749241.560286,12:27:21,4.635
1749749251.626126,12:27:31,4.637
1749749261.701335,12:27:41,4.635
1749749271.790313,12:27:51,4.571
1749749281.856017,12:28:01,4.605
1749749291.928401,12:28:11,4.561
1749749301.99431,12:28:21,4.598
1749749312.060359,12:28:32,4.582
1749749322.128785,12:28:42,4.616
1749749332.194855,12:28:52,4.575
1749749342.260782,12:29:02,4.630
1749749352.496876,12:29:12,4.576
1749749362.562978,12:29:22,4.580
1749749372.628642,12:29:32,4.650
1749749382.698545,12:29:42,4.619
1749749392.789832,12:29:52,4.578
1749749402.855636,12:30:02,4.659
1749749412.926795,12:30:12,4.606
1749749422.992552,12:30:22,4.591
1749749433.058341,12:30:33,4.628
1749749443.12837,12:30:43,4.567
1749749453.194168,12:30:53,4.564
1749749463.259991,12:31:03,4.589
1749749473.329842,12:31:13,4.629
1749749483.395643,12:31:23,4.616
1749749493.46146,12:31:33,4.600
1749749503.530698,12:31:43,4.626
1749749513.596434,12:31:53,4.573
1749749523.662118,12:32:03,4.604
1749749533.734854,12:32:13,4.616
1749749543.826585,12:32:23,4.567
1749749553.892287,12:32:33,4.569
1749749563.961927,12:32:43,4.610
1749749574.027522,12:32:54,4.591
1749749584.093338,12:33:04,4.615
1749749594.163143,12:33:14,4.559
1749749604.22929,12:33:24,4.572
1749749614.295378,12:33:34,4.591
1749749624.366069,12:33:44,4.620
1749749634.432126,12:33:54,4.571
1749749644.497961,12:34:04,4.595
1749749654.750363,12:34:14,4.590
1749749664.841263,12:34:24,4.566
1749749674.907207,12:34:34,4.649
1749749684.978008,12:34:44,4.624
1749749695.043929,12:34:55,4.589
1749749705.109986,12:35:05,4.560
1749749715.180371,12:35:15,4.553
1749749725.246289,12:35:25,4.564
1749749735.312817,12:35:35,4.610
1749749745.380987,12:35:45,4.619
1749749755.447022,12:35:55,4.612
1749749765.513046,12:36:05,4.591
1749749775.58142,12:36:15,4.646
1749749785.647323,12:36:25,4.645
1749749795.713094,12:36:35,4.588
1749749805.782576,12:36:45,4.606
1749749815.876708,12:36:55,4.552
1749749825.942563,12:37:05,4.641
1749749836.011719,12:37:16,4.631
1749749846.077413,12:37:26,4.614
1749749856.143136,12:37:36,4.625
1749749866.212637,12:37:46,4.625
1749749876.278353,12:37:56,4.621
1749749886.344178,12:38:06,4.622
1749749896.414638,12:38:16,4.609
1749749906.480284,12:38:26,4.578
1749749916.545985,12:38:36,4.628
1749749926.616584,12:38:46,4.646
1749749936.830752,12:38:56,4.578
1749749946.91635,12:39:06,4.573
1749749956.988201,12:39:16,4.597
1749749967.053929,12:39:27,4.612
1749749977.11992,12:39:37,4.627
1749749987.18914,12:39:47,4.613
1749749997.254819,12:39:57,4.625
1749750007.320627,12:40:07,4.566
1749750017.391584,12:40:17,4.551
1749750027.457551,12:40:27,4.594
1749750037.523284,12:40:37,4.622
1749750047.595098,12:40:47,4.613
1749750057.660722,12:40:57,4.564
1749750067.726472,12:41:07,4.601
1749750077.799851,12:41:17,4.573
1749750087.899581,12:41:27,4.573
1749750097.965358,12:41:37,4.586
1749750108.033927,12:41:48,4.597
1749750118.099772,12:41:58,4.632
1749750128.165654,12:42:08,4.620
1749750138.234181,12:42:18,4.610
1749750148.299758,12:42:28,4.606
1749750158.365608,12:42:38,4.582
1749750168.441588,12:42:48,4.546
1749750178.507239,12:42:58,4.568
1749750188.573158,12:43:08,4.581
1749750198.643723,12:43:18,4.607
1749750208.709568,12:43:28,4.628
1749750218.775308,12:43:38,4.582
1749750228.847779,12:43:48,4.574
1749750238.92654,12:43:58,4.578
1749750248.992279,12:44:08,4.600
1749750259.244425,12:44:19,4.584
1749750269.31005,12:44:29,4.593
1749750279.376343,12:44:39,4.554
1749750289.449237,12:44:49,4.578
1749750299.51506,12:44:59,4.640
1749750309.58125,12:45:09,4.615
1749750319.650638,12:45:19,4.597
1749750329.716287,12:45:29,4.603
1749750339.782102,12:45:39,4.606
1749750349.852454,12:45:49,4.571
1749750359.946822,12:45:59,4.550
1749750370.012557,12:46:10,4.586
1749750380.080865,12:46:20,4.533
1749750390.14664,12:46:30,4.573
1749750400.212308,12:46:40,4.592
1749750410.282965,12:46:50,4.612
1749750420.349176,12:47:00,4.606
1749750430.414882,12:47:10,4.578
1749750440.486784,12:47:20,4.548
1749750450.682482,12:47:30,4.580
1749750460.748744,12:47:40,4.607
1749750470.821244,12:47:50,4.574
1749750480.893728,12:48:00,4.559
1749750490.983379,12:48:10,4.544
1749750501.060593,12:48:21,4.578
1749750511.126341,12:48:31,4.618
1749750521.192076,12:48:41,4.601
1749750531.26818,12:48:51,4.574
1749750541.333825,12:49:01,4.600
1749750551.399946,12:49:11,4.546
1749750561.471019,12:49:21,4.577
1749750571.537124,12:49:31,4.628
1749750581.602826,12:49:41,4.575
1749750591.672371,12:49:51,4.617
1749750601.738092,12:50:01,4.612
1749750611.807014,12:50:11,4.611
1749750621.878544,12:50:21,4.544
1749750631.968457,12:50:31,4.546
1749750642.034331,12:50:42,4.558
1749750652.106645,12:50:52,4.615
1749750662.172336,12:51:02,4.598
1749750672.238175,12:51:12,4.553
1749750682.313867,12:51:22,4.568
1749750692.379877,12:51:32,4.638
1749750702.445811,12:51:42,4.599
1749750712.517584,12:51:52,4.595
1749750722.583361,12:52:02,4.610
1749750732.64907,12:52:12,4.576
1749750742.725186,12:52:22,4.562
1749750752.790943,12:52:32,4.626
1749750762.856883,12:52:42,4.552
1749750772.928242,12:52:52,4.606
1749750783.014123,12:53:03,4.548
1749750793.07978,12:53:13,4.607
1749750803.149325,12:53:23,4.608
1749750813.215667,12:53:33,4.564
1749750823.281756,12:53:43,4.597
1749750833.365028,12:53:53,4.525
1749750843.431132,12:54:03,4.633
1749750853.497009,12:54:13,4.590
1749750863.566284,12:54:23,4.544
1749750873.631868,12:54:33,4.620
1749750883.697836,12:54:43,4.567
1749750893.76981,12:54:53,4.586
1749750903.83559,12:55:03,4.592
1749750913.901887,12:55:13,4.622
1749750923.996098,12:55:23,4.563
1749750934.061998,12:55:34,4.569
1749750944.128,12:55:44,4.604
1749750954.19718,12:55:54,4.609
1749750964.263241,12:56:04,4.577
1749750974.328993,12:56:14,4.567
1749750984.400553,12:56:24,4.546
1749750994.466304,12:56:34,4.642
1749751004.532042,12:56:44,4.612
1749751014.600899,12:56:54,4.620
1749751024.666955,12:57:04,4.617
1749751034.732689,12:57:14,4.597
1749751044.803157,12:57:24,4.528
1749751054.868908,12:57:34,4.632
1749751064.935094,12:57:44,4.601
1749751075.035502,12:57:55,4.540
1749751085.101566,12:58:05,4.603
1749751095.167256,12:58:15,4.611
1749751105.241074,12:58:25,4.590
1749751115.306731,12:58:35,4.592
1749751125.372611,12:58:45,4.543
1749751135.443917,12:58:55,4.545
1749751145.50969,12:59:05,4.617
1749751155.575637,12:59:15,4.556
1749751165.827378,12:59:25,4.545
1749751175.892928,12:59:35,4.608
1749751185.958986,12:59:45,4.606
1749751196.051128,12:59:56,4.540
1749751206.30335,13:00:06,4.547
1749751216.369278,13:00:16,4.548
1749751226.440863,13:00:26,4.611
1749751236.50646,13:00:36,4.538
1749751246.572455,13:00:46,4.602
1749751256.64103,13:00:56,4.574
1749751266.706927,13:01:06,4.586
1749751276.772551,13:01:16,4.545
1749751286.841597,13:01:26,4.579
1749751296.907262,13:01:36,4.589
1749751306.973218,13:01:46,4.599
1749751317.066402,13:01:57,4.539
1749751327.132465,13:02:07,4.613
1749751337.198384,13:02:17,4.590
1749751347.269117,13:02:27,4.546
1749751357.334772,13:02:37,4.590
1749751367.400797,13:02:47,4.596
1749751377.472722,13:02:57,4.587
1749751387.538738,13:03:07,4.615
1749751397.604833,13:03:17,4.609
1749751407.673457,13:03:27,4.556
1749751417.739105,13:03:37,4.547
1749751427.805167,13:03:47,4.567
1749751437.875747,13:03:57,4.570
1749751447.941655,13:04:07,4.603
1749751458.007245,13:04:18,4.569
1749751468.097579,13:04:28,4.554
1749751478.163511,13:04:38,4.617
1749751488.229204,13:04:48,4.589
1749751498.297882,13:04:58,4.612
1749751508.36372,13:05:08,4.563
1749751518.429437,13:05:18,4.582
1749751528.500542,13:05:28,4.580
1749751538.566448,13:05:38,4.621
1749751548.632225,13:05:48,4.610
1749751558.700289,13:05:58,4.611
1749751568.766034,13:06:08,4.546
1749751578.83165,13:06:18,4.548
1749751588.901074,13:06:28,4.568
1749751598.966838,13:06:38,4.605
1749751609.032469,13:06:49,4.606
1749751619.118467,13:06:59,4.540
1749751629.184132,13:07:09,4.597
1749751639.249812,13:07:19,4.584
1749751649.318749,13:07:29,4.570
1749751659.384333,13:07:39,4.593
1749751669.450312,13:07:49,4.603
1749751679.519118,13:07:59,4.595
1749751689.584787,13:08:09,4.590
1749751699.650626,13:08:19,4.588
1749751709.722127,13:08:29,4.530
1749751719.78801,13:08:39,4.581
1749751729.853879,13:08:49,4.592
1749751739.922774,13:08:59,4.613
1749751749.98878,13:09:09,4.598
1749751760.05445,13:09:20,4.567
1749751770.148099,13:09:30,4.553
1749751780.214213,13:09:40,4.610
1749751790.280066,13:09:50,4.573
1749751800.352458,13:10:00,4.608
1749751810.418555,13:10:10,4.598
1749751820.484461,13:10:20,4.547
1749751830.552897,13:10:30,4.595
1749751840.618726,13:10:40,4.592
1749751850.684459,13:10:50,4.601
1749751860.757904,13:11:00,4.587
1749751870.823696,13:11:10,4.621
1749751880.889642,13:11:20,4.568
1749751890.960339,13:11:30,4.538
1749751901.026331,13:11:41,4.546
1749751911.115792,13:11:51,4.534
1749751921.185867,13:12:01,4.554
1749751931.251823,13:12:11,4.599
1749751941.317575,13:12:21,4.548
1749751951.388396,13:12:31,4.555
1749751961.454085,13:12:41,4.596
1749751971.520092,13:12:51,4.557
1749751981.590838,13:13:01,4.601
1749751991.657055,13:13:11,4.593
1749752001.72284,13:13:21,4.584
1749752011.79414,13:13:31,4.597
1749752021.859695,13:13:41,4.555
1749752031.925527,13:13:51,4.531
1749752041.994374,13:14:01,4.602
1749752052.060171,13:14:12,4.595
1749752062.154015,13:14:22,4.529
1749752072.404626,13:14:32,4.546
1749752082.470304,13:14:42,4.518
1749752092.53638,13:14:52,4.552
1749752102.60596,13:15:02,4.595
1749752112.671959,13:15:12,4.585
1749752122.737783,13:15:22,4.564
1749752132.809294,13:15:32,4.517
1749752142.875073,13:15:42,4.560
1749752152.940761,13:15:52,4.506
1749752163.01037,13:16:03,4.589
1749752173.077004,13:16:13,4.571
1749752183.329334,13:16:23,4.526
1749752193.406217,13:16:33,4.553
1749752203.471843,13:16:43,4.561
1749752213.537869,13:16:53,4.527
1749752223.609244,13:17:03,4.534
1749752233.67525,13:17:13,4.604
1749752243.74104,13:17:23,4.554
1749752253.993401,13:17:33,4.528
1749752264.05919,13:17:44,4.567
1749752274.124855,13:17:54,4.553
1749752284.21184,13:18:04,4.532
1749752294.277542,13:18:14,4.559
1749752304.343489,13:18:24,4.530
1749752314.414412,13:18:34,4.529
1749752324.480124,13:18:44,4.595
1749752334.546101,13:18:54,4.564
1749752344.622303,13:19:04,4.558
1749752354.687943,13:19:14,4.542
1749752364.75363,13:19:24,4.576
1749752374.822839,13:19:34,4.598
1749752384.888723,13:19:44,4.577
1749752394.954626,13:19:54,4.559
1749752405.024378,13:20:05,4.572
1749752415.09034,13:20:15,4.589
1749752425.175988,13:20:25,4.542
1749752435.253674,13:20:35,4.543
1749752445.319271,13:20:45,4.563
1749752455.38531,13:20:55,4.583
1749752465.453384,13:21:05,4.545
1749752475.519423,13:21:15,4.553
1749752485.585204,13:21:25,4.580
1749752495.657996,13:21:35,4.594
1749752505.723769,13:21:45,4.579
1749752515.789564,13:21:55,4.548
1749752525.859153,13:22:05,4.564
1749752535.925189,13:22:15,4.524
1749752545.990798,13:22:25,4.525
1749752556.061958,13:22:36,4.554
1749752566.127632,13:22:46,4.540
1749752576.220829,13:22:56,4.518
1749752586.289027,13:23:06,4.570
1749752596.354853,13:23:16,4.582
1749752606.420757,13:23:26,4.557
1749752616.672418,13:23:36,4.533
1749752626.738707,13:23:46,4.573
1749752636.804764,13:23:56,4.521
1749752646.873156,13:24:06,4.562
1749752656.939106,13:24:16,4.575
1749752667.005368,13:24:27,4.595
1749752677.076152,13:24:37,4.535
1749752687.142058,13:24:47,4.528
1749752697.236949,13:24:57,4.526
1749752707.30729,13:25:07,4.546
1749752717.372998,13:25:17,4.580
1749752727.439042,13:25:27,4.594
1749752737.512849,13:25:37,4.562
1749752747.578941,13:25:47,4.536
1749752757.644878,13:25:57,4.548
1749752767.713757,13:26:07,4.580
1749752777.779939,13:26:17,4.525
1749752787.845658,13:26:27,4.536
1749752797.918453,13:26:37,4.516
1749752807.984442,13:26:47,4.584
1749752818.050173,13:26:58,4.566
1749752828.125583,13:27:08,4.516
1749752838.202905,13:27:18,4.541
1749752848.283636,13:27:28,4.515
1749752858.352684,13:27:38,4.559
1749752868.418441,13:27:48,4.577
1749752878.484369,13:27:58,4.529
1749752888.555826,13:28:08,4.547
1749752898.62163,13:28:18,4.569
1749752908.687495,13:28:28,4.506
1749752918.756852,13:28:38,4.568
1749752928.822895,13:28:48,4.529
1749752938.888721,13:28:58,4.507
1749752948.963906,13:29:08,4.566
1749752959.029599,13:29:19,4.566
1749752969.095595,13:29:29,4.504
1749752979.163655,13:29:39,4.532
1749752989.26016,13:29:49,4.521
1749752999.326042,13:29:59,4.528
1749753009.398107,13:30:09,4.548
1749753019.463801,13:30:19,4.593
1749753029.529889,13:30:29,4.583
1749753039.599974,13:30:39,4.549
1749753049.665638,13:30:49,4.572
1749753059.917376,13:30:59,4.509
1749753069.98971,13:31:09,4.541
1749753080.055686,13:31:20,4.577
1749753090.12171,13:31:30,4.524
1749753100.192373,13:31:40,4.533
1749753110.286517,13:31:50,4.511
1749753120.352271,13:32:00,4.527
1749753130.426201,13:32:10,4.510
1749753140.492026,13:32:20,4.581
1749753150.557741,13:32:30,4.552
1749753160.629124,13:32:40,4.583
1749753170.695434,13:32:50,4.532
1749753180.76124,13:33:00,4.574
1749753190.830683,13:33:10,4.570
1749753200.896261,13:33:20,4.538
1749753210.961853,13:33:30,4.510
1749753221.037784,13:33:41,4.532
1749753231.103674,13:33:51,4.548
1749753241.169341,13:34:01,4.500
1749753251.239387,13:34:11,4.558
1749753261.322141,13:34:21,4.508
1749753271.38786,13:34:31,4.556
1749753281.46186,13:34:41,4.497
1749753291.527775,13:34:51,4.573
1749753301.593786,13:35:01,4.570
1749753311.664662,13:35:11,4.539
1749753321.730742,13:35:21,4.572
1749753331.796594,13:35:31,4.560
1749753341.865716,13:35:41,4.517
1749753351.93131,13:35:51,4.518
1749753361.99701,13:36:01,4.545
1749753372.066386,13:36:12,4.502
1749753382.132155,13:36:22,4.577
1749753392.198107,13:36:32,4.574
1749753402.450399,13:36:42,4.499
1749753412.516223,13:36:52,4.534
1749753422.582006,13:37:02,4.574
1749753432.65024,13:37:12,4.580
1749753442.715966,13:37:22,4.581
1749753452.781747,13:37:32,4.581
1749753462.853812,13:37:42,4.523
1749753472.919666,13:37:52,4.494
1749753482.985462,13:38:02,4.495
1749753493.061449,13:38:13,4.512
1749753503.126998,13:38:23,4.522
1749753513.192892,13:38:33,4.582
1749753523.264814,13:38:43,4.554
1749753533.342141,13:38:53,4.519
1749753543.408379,13:39:03,4.542
1749753553.476368,13:39:13,4.583
1749753563.728373,13:39:23,4.512
1749753573.794096,13:39:33,4.583
1749753583.862381,13:39:43,4.568
1749753593.92808,13:39:53,4.529
1749753603.99397,13:40:03,4.580
1749753614.062735,13:40:14,4.507
1749753624.128668,13:40:24,4.577
1749753634.194466,13:40:34,4.560
1749753644.265144,13:40:44,4.569
1749753654.355598,13:40:54,4.486
1749753664.421248,13:41:04,4.508
1749753674.493812,13:41:14,4.553
1749753684.55942,13:41:24,4.549
1749753694.625053,13:41:34,4.567
1749753704.69337,13:41:44,4.544
1749753714.759299,13:41:54,4.522
1749753724.825432,13:42:04,4.568
1749753734.894321,13:42:14,4.496
1749753744.960246,13:42:24,4.512
1749753755.026364,13:42:35,4.562
1749753765.094866,13:42:45,4.594
1749753775.160723,13:42:55,4.572
1749753785.226958,13:43:05,4.518
1749753795.296118,13:43:15,4.545
1749753805.38172,13:43:25,4.493
1749753815.447331,13:43:35,4.570
1749753825.518973,13:43:45,4.559
1749753835.58463,13:43:55,4.523
1749753845.650409,13:44:05,4.573
1749753855.718768,13:44:15,4.498
1749753865.784682,13:44:25,4.524
1749753875.850422,13:44:35,4.560
1749753885.964638,13:44:45,4.502
1749753896.030511,13:44:56,4.546
1749753906.096169,13:45:06,4.535
1749753916.17018,13:45:16,4.580
1749753926.235792,13:45:26,4.520
1749753936.301705,13:45:36,4.570
1749753946.397293,13:45:46,4.491
1749753956.462992,13:45:56,4.491
1749753966.528779,13:46:06,4.542
1749753976.596733,13:46:16,4.476
1749753986.662427,13:46:26,4.558
1749753996.728503,13:46:36,4.535
1749754006.798078,13:46:46,4.532
1749754016.864157,13:46:56,4.524
1749754027.11641,13:47:07,4.498
1749754037.188517,13:47:17,4.545
1749754047.254542,13:47:27,4.517
1749754057.320234,13:47:37,4.519
1749754067.407512,13:47:47,4.511
1749754077.473212,13:47:57,4.541
1749754087.538993,13:48:07,4.545
1749754097.611083,13:48:17,4.510
1749754107.676655,13:48:27,4.547
1749754117.742463,13:48:37,4.499
1749754127.814606,13:48:47,4.562
1749754137.88038,13:48:57,4.528
1749754147.946361,13:49:07,4.557
1749754158.016771,13:49:18,4.475
1749754168.08254,13:49:28,4.556
1749754178.148299,13:49:38,4.515
1749754188.217788,13:49:48,4.551
1749754198.283746,13:49:58,4.560
1749754208.349708,13:50:08,4.555
1749754218.440454,13:50:18,4.514
1749754228.692372,13:50:28,4.498
1749754238.758979,13:50:38,4.549
1749754248.82796,13:50:48,4.565
1749754258.893827,13:50:58,4.567
1749754268.95975,13:51:08,4.529
1749754279.029932,13:51:19,4.533
1749754289.095788,13:51:29,4.549
1749754299.161675,13:51:39,4.581
1749754309.232113,13:51:49,4.566
1749754319.297822,13:51:59,4.532
1749754329.363753,13:52:09,4.551
1749754339.462968,13:52:19,4.475
1749754349.619935,13:52:29,4.503
1749754359.685759,13:52:39,4.504
1749754369.756246,13:52:49,4.541
1749754379.822112,13:52:59,4.562
1749754389.888062,13:53:09,4.552
1749754399.959503,13:53:19,4.553
1749754410.025384,13:53:30,4.567
1749754420.091257,13:53:40,4.517
1749754430.160481,13:53:50,4.554
1749754440.226407,13:54:00,4.556
1749754450.292267,13:54:10,4.569
1749754460.367758,13:54:20,4.512
1749754470.447732,13:54:30,4.501
1749754480.513738,13:54:40,4.534
1749754490.582273,13:54:50,4.503
1749754500.648034,13:55:00,4.523
1749754510.713954,13:55:10,4.574
1749754520.784697,13:55:20,4.556
1749754530.851113,13:55:30,4.575
1749754540.916706,13:55:40,4.501
1749754550.985842,13:55:50,4.552
1749754561.051774,13:56:01,4.552
1749754571.117702,13:56:11,4.563
1749754581.189883,13:56:21,4.513
1749754591.255725,13:56:31,4.486
1749754601.321448,13:56:41,4.507
1749754611.390859,13:56:51,4.487
1749754621.526372,13:57:01,4.431
1749754631.592637,13:57:11,4.543
1749754641.668632,13:57:21,4.506
1749754651.734373,13:57:31,4.491
1749754661.800106,13:57:41,4.524
1749754671.868274,13:57:51,4.485
1749754681.933971,13:58:01,4.545
1749754691.999917,13:58:11,4.534
1749754702.07068,13:58:22,4.514
1749754712.136591,13:58:32,4.553
1749754722.202392,13:58:42,4.566
1749754732.27114,13:58:52,4.550
1749754742.336841,13:59:02,4.539
1749754752.40285,13:59:12,4.568
1749754762.485619,13:59:22,4.507
1749754772.551352,13:59:32,4.549
1749754782.616927,13:59:42,4.508
1749754792.685288,13:59:52,4.551
1749754802.751029,14:00:02,4.548
1749754812.816869,14:00:12,4.486
1749754822.890727,14:00:22,4.497
1749754832.956325,14:00:32,4.541
1749754843.022418,14:00:43,4.549
1749754853.093359,14:00:53,4.543
1749754863.159234,14:01:03,4.547
1749754873.224828,14:01:13,4.497
1749754883.296556,14:01:23,4.530
1749754893.362355,14:01:33,4.572
1749754903.428348,14:01:43,4.527
1749754913.535356,14:01:53,4.497
1749754923.601037,14:02:03,4.568
1749754933.667039,14:02:13,4.548
1749754943.736126,14:02:23,4.547
1749754953.801943,14:02:33,4.539
1749754963.867755,14:02:43,4.552
1749754973.937306,14:02:53,4.544
1749754984.003211,14:03:04,4.534
1749754994.069171,14:03:14,4.563
1749755004.145009,14:03:24,4.488
1749755014.210918,14:03:34,4.529
1749755024.277056,14:03:44,4.497
1749755034.531806,14:03:54,4.518
1749755044.59746,14:04:04,4.552
1749755054.663501,14:04:14,4.516
1749755064.738917,14:04:24,4.569
1749755074.804636,14:04:34,4.540
1749755084.870387,14:04:44,4.563
1749755094.939741,14:04:54,4.553
1749755105.005812,14:05:05,4.563
1749755115.071594,14:05:15,4.550
1749755125.140119,14:05:25,4.573
1749755135.206028,14:05:35,4.500
1749755145.271915,14:05:45,4.541
1749755155.348364,14:05:55,4.481
1749755165.414215,14:06:05,4.550
1749755175.517939,14:06:15,4.496
1749755185.587215,14:06:25,4.530
1749755195.839408,14:06:35,4.491
1749755205.905208,14:06:45,4.501
1749755215.974282,14:06:55,4.525
1749755226.040219,14:07:06,4.489
1749755236.106163,14:07:16,4.547
1749755246.181642,14:07:26,4.517
1749755256.247508,14:07:36,4.524
1749755266.31331,14:07:46,4.505
1749755276.387282,14:07:56,4.483
1749755286.453135,14:08:06,4.555
1749755296.53828,14:08:16,4.476
1749755306.612131,14:08:26,4.492
1749755316.678026,14:08:36,4.558
1749755326.743824,14:08:46,4.504
1749755336.812584,14:08:56,4.564
1749755346.878522,14:09:06,4.489
1749755356.94426,14:09:16,4.520
1749755367.014381,14:09:27,4.548
1749755377.080076,14:09:37,4.546
1749755387.145792,14:09:47,4.490
1749755397.216739,14:09:57,4.493
1749755407.282455,14:10:07,4.504
1749755417.348199,14:10:17,4.543
1749755427.423762,14:10:27,4.529
1749755437.49597,14:10:37,4.469
1749755447.579565,14:10:47,4.492
1749755457.650906,14:10:57,4.502
1749755467.716652,14:11:07,4.542
1749755477.782502,14:11:17,4.514
1749755487.85549,14:11:27,4.548
1749755497.921369,14:11:37,4.506
1749755507.987239,14:11:47,4.551
1749755518.05514,14:11:58,4.522
1749755528.121016,14:12:08,4.531
1749755538.186786,14:12:18,4.553
1749755548.256789,14:12:28,4.529
1749755558.322833,14:12:38,4.546
1749755568.388498,14:12:48,4.541
1749755578.459145,14:12:58,4.491
1749755588.558413,14:13:08,4.502
1749755598.624471,14:13:18,4.499
1749755608.69277,14:13:28,4.501
1749755618.75865,14:13:38,4.482
1749755628.824401,14:13:48,4.521
1749755638.893469,14:13:58,4.525
1749755648.959173,14:14:08,4.548
1749755659.02492,14:14:19,4.531
1749755669.100355,14:14:29,4.548
1749755679.165962,14:14:39,4.504
1749755689.231627,14:14:49,4.512
1749755699.302551,14:14:59,4.517
1749755709.368401,14:15:09,4.538
1749755719.434545,14:15:19,4.578
1749755729.504847,14:15:29,4.518
1749755739.585121,14:15:39,4.506
1749755749.651096,14:15:49,4.557
1749755759.71963,14:15:59,4.537
1749755769.785415,14:16:09,4.533
1749755779.851286,14:16:19,4.542
1749755789.920605,14:16:29,4.474
1749755799.986359,14:16:39,4.534
1749755810.052377,14:16:50,4.487
1749755820.121149,14:17:00,4.558
1749755830.187226,14:17:10,4.555
1749755840.252932,14:17:20,4.525
1749755850.322827,14:17:30,4.563
1749755860.388856,14:17:40,4.489
1749755870.455777,14:17:50,4.562
1749755880.529944,14:18:00,4.522
1749755890.614694,14:18:10,4.480
1749755900.680477,14:18:20,4.554
1749755910.754386,14:18:30,4.523
1749755920.820651,14:18:40,4.540
1749755930.886483,14:18:50,4.515
1749755940.95454,14:19:00,4.552
1749755951.020815,14:19:11,4.546
1749755961.272377,14:19:21,4.494
1749755971.341228,14:19:31,4.488
1749755981.406922,14:19:41,4.488
1749755991.472875,14:19:51,4.530
1749756001.542404,14:20:01,4.527
1749756011.627417,14:20:11,4.490
1749756021.693036,14:20:21,4.556
1749756031.945374,14:20:31,4.488
1749756042.011135,14:20:42,4.533
1749756052.076914,14:20:52,4.498
1749756062.148777,14:21:02,4.513
1749756072.214848,14:21:12,4.508
1749756082.280552,14:21:22,4.542
1749756092.348383,14:21:32,4.542
1749756102.413933,14:21:42,4.502
1749756112.479707,14:21:52,4.527
1749756122.548368,14:22:02,4.537
1749756132.632171,14:22:12,4.490
1749756142.698469,14:22:22,4.531
1749756152.772712,14:22:32,4.502
1749756162.838426,14:22:42,4.496
1749756172.90455,14:22:52,4.522
1749756182.975391,14:23:02,4.490
1749756193.041153,14:23:13,4.559
1749756203.107079,14:23:23,4.542
1749756213.176655,14:23:33,4.488
1749756223.242264,14:23:43,4.516
1749756233.308282,14:23:53,4.552
1749756243.376459,14:24:03,4.523
1749756253.442402,14:24:13,4.513
1749756263.508084,14:24:23,4.469
1749756273.59181,14:24:33,4.487
1749756283.670418,14:24:43,4.491
1749756293.92237,14:24:53,4.472
1749756303.991578,14:25:03,4.526
1749756314.057947,14:25:14,4.532
1749756324.123607,14:25:24,4.539
1749756334.192721,14:25:34,4.518
1749756344.258815,14:25:44,4.542
1749756354.324503,14:25:54,4.499
1749756364.392842,14:26:04,4.517
1749756374.458641,14:26:14,4.527
1749756384.524405,14:26:24,4.515
1749756394.608,14:26:34,4.476
1749756404.687291,14:26:44,4.475
1749756414.753021,14:26:54,4.489
1749756424.822655,14:27:04,4.533
1749756434.888705,14:27:14,4.515
1749756444.954858,14:27:24,4.479
1749756455.023042,14:27:35,4.542
1749756465.089096,14:27:45,4.543
1749756475.154932,14:27:55,4.501
1749756485.224254,14:28:05,4.448
1749756495.290013,14:28:15,4.493
1749756505.542404,14:28:25,4.491
1749756515.628384,14:28:35,4.487
1749756525.701754,14:28:45,4.471
1749756535.767739,14:28:55,4.543
1749756545.83883,14:29:05,4.539
1749756555.904887,14:29:15,4.501
1749756565.970486,14:29:25,4.485
1749756576.041336,14:29:36,4.508
1749756586.107214,14:29:46,4.530
1749756596.173075,14:29:56,4.536
1749756606.249614,14:30:06,4.497
1749756616.315296,14:30:16,4.491
1749756626.381049,14:30:26,4.542
1749756636.451369,14:30:36,4.515
1749756646.517129,14:30:46,4.544
1749756656.582986,14:30:56,4.538
1749756666.683767,14:31:06,4.483
1749756676.749771,14:31:16,4.522
1749756686.815527,14:31:26,4.533
1749756696.890266,14:31:36,4.548
1749756706.956419,14:31:46,4.515
1749756717.022479,14:31:57,4.476
1749756727.091852,14:32:07,4.541
1749756737.157571,14:32:17,4.538
1749756747.223181,14:32:27,4.515
1749756757.295285,14:32:37,4.505
1749756767.361097,14:32:47,4.517
1749756777.427152,14:32:57,4.496
1749756787.497944,14:33:07,4.479
1749756797.563704,14:33:17,4.527
1749756807.630208,14:33:27,4.483
1749756817.723216,14:33:37,4.470
1749756827.788953,14:33:47,4.476
1749756837.854656,14:33:57,4.520
1749756847.923842,14:34:07,4.471
1749756857.989587,14:34:17,4.537
1749756868.055648,14:34:28,4.519
1749756878.131243,14:34:38,4.495
1749756888.197136,14:34:48,4.523
1749756898.262867,14:34:58,4.504
1749756908.332747,14:35:08,4.494
1749756918.398618,14:35:18,4.483
1749756928.464295,14:35:28,4.481
1749756938.534192,14:35:38,4.509
1749756948.599933,14:35:48,4.471
1749756958.695653,14:35:58,4.476
1749756968.764542,14:36:08,4.534
1749756978.830219,14:36:18,4.521
1749756988.896128,14:36:28,4.469
1749756998.970637,14:36:38,4.483
1749757009.036381,14:36:49,4.528
1749757019.102407,14:36:59,4.529
1749757029.173942,14:37:09,4.513
1749757039.23984,14:37:19,4.499
1749757049.305844,14:37:29,4.544
1749757059.375935,14:37:39,4.442
1749757069.441834,14:37:49,4.470
1749757079.508084,14:37:59,4.487
1749757089.582322,14:38:09,4.481
1749757099.648277,14:38:19,4.535
1749757109.730919,14:38:29,4.484
1749757119.799914,14:38:39,4.475
1749757129.865757,14:38:49,4.524
1749757139.931558,14:38:59,4.487
1749757150.000741,14:39:10,4.527
1749757160.06694,14:39:20,4.467
1749757170.13261,14:39:30,4.464
1749757180.202249,14:39:40,4.509
1749757190.267994,14:39:50,4.466
1749757200.33388,14:40:00,4.543
1749757210.408547,14:40:10,4.467
1749757220.474213,14:40:20,4.537
1749757230.540241,14:40:30,4.539
1749757240.608194,14:40:40,4.509
1749757250.698221,14:40:50,4.461
1749757260.764185,14:41:00,4.438
1749757270.835032,14:41:10,4.514
1749757280.900706,14:41:20,4.508
1749757290.966693,14:41:30,4.529
1749757301.034784,14:41:41,4.480
1749757311.100548,14:41:51,4.492
1749757321.175122,14:42:01,4.504
1749757331.24974,14:42:11,4.446
1749757341.315487,14:42:21,4.522
1749757351.381248,14:42:31,4.461
1749757361.451518,14:42:41,4.468
1749757371.517304,14:42:51,4.511
1749757381.583948,14:43:01,4.508
1749757391.653572,14:43:11,4.505
1749757401.738046,14:43:21,4.464
1749757411.803854,14:43:31,4.499
1749757421.879718,14:43:41,4.475
1749757431.945359,14:43:51,4.525
1749757442.011002,14:44:02,4.458
1749757452.081041,14:44:12,4.512
1749757462.146958,14:44:22,4.504
1749757472.212795,14:44:32,4.463
1749757482.284999,14:44:42,4.446
1749757492.350676,14:44:52,4.505
1749757502.416471,14:45:02,4.475
1749757512.489065,14:45:12,4.485
1749757522.554701,14:45:22,4.469
1749757532.806363,14:45:32,4.485
1749757542.878901,14:45:42,4.504
1749757552.944748,14:45:52,4.527
1749757563.010542,14:46:03,4.487
1749757573.262424,14:46:13,4.486
1749757583.328213,14:46:23,4.480
1749757593.394174,14:46:33,4.530
1749757603.463096,14:46:43,4.526
1749757613.528844,14:46:53,4.473
1749757623.595003,14:47:03,4.473
1749757633.663303,14:47:13,4.498
1749757643.915375,14:47:23,4.463
1749757653.981134,14:47:33,4.496
1749757664.053692,14:47:44,4.492
1749757674.119348,14:47:54,4.497
1749757684.185427,14:48:04,4.506
1749757694.254305,14:48:14,4.466
1749757704.320026,14:48:24,4.472
1749757714.385866,14:48:34,4.481
1749757724.457876,14:48:44,4.463
1749757734.523555,14:48:54,4.510
1749757744.704577,14:49:04,4.449
1749757754.793547,14:49:14,4.463
1749757764.859606,14:49:24,4.498
1749757774.925249,14:49:34,4.513
1749757784.993954,14:49:44,4.432
1749757795.059722,14:49:55,4.460
1749757805.125425,14:50:05,4.521
1749757815.248744,14:50:15,4.443
1749757825.314499,14:50:25,4.503
1749757835.380481,14:50:35,4.519
1749757845.449621,14:50:45,4.502
1749757855.51537,14:50:55,4.506
1749757865.581213,14:51:05,4.456
1749757875.654459,14:51:15,4.460
1749757885.745701,14:51:25,4.440
1749757895.811578,14:51:35,4.439
1749757905.884068,14:51:45,4.537
1749757915.949767,14:51:55,4.512
1749757926.015844,14:52:06,4.514
1749757936.084118,14:52:16,4.508
1749757946.149986,14:52:26,4.492
1749757956.215835,14:52:36,4.520
1749757966.284615,14:52:46,4.418
1749757976.536587,14:52:56,4.443
1749757986.602286,14:53:06,4.470
1749757996.675111,14:53:16,4.484
1749758006.770056,14:53:26,4.452
1749758016.835654,14:53:36,4.498
1749758026.911228,14:53:46,4.508
1749758036.97715,14:53:56,4.478
1749758047.043044,14:54:07,4.530
1749758057.114992,14:54:17,4.448
1749758067.180876,14:54:27,4.517
1749758077.246835,14:54:37,4.531
1749758087.315358,14:54:47,4.500
1749758097.38115,14:54:57,4.494
1749758107.447191,14:55:07,4.517
1749758117.519282,14:55:17,4.459
1749758127.58512,14:55:27,4.460
1749758137.651089,14:55:37,4.446
1749758147.720319,14:55:47,4.504
1749758157.97238,14:55:57,4.468
1749758168.03823,14:56:08,4.497
1749758178.107465,14:56:18,4.495
1749758188.17307,14:56:28,4.459
1749758198.238749,14:56:38,4.520
1749758208.490399,14:56:48,4.464
1749758218.556298,14:56:58,4.517
1749758228.622294,14:57:08,4.460
1749758238.691548,14:57:18,4.519
1749758248.790541,14:57:28,4.436
1749758258.856274,14:57:38,4.516
1749758268.92859,14:57:48,4.518
1749758278.994427,14:57:58,4.501
1749758289.060314,14:58:09,4.438
1749758299.131533,14:58:19,4.447
1749758309.197637,14:58:29,4.487
1749758319.263638,14:58:39,4.482
1749758329.332817,14:58:49,4.503
1749758339.39871,14:58:59,4.509
1749758349.464814,14:59:09,4.524
1749758359.538109,14:59:19,4.477
1749758369.603678,14:59:29,4.520
1749758379.669469,14:59:39,4.484
1749758389.741126,14:59:49,4.498
1749758399.823979,14:59:59,4.464
1749758409.889553,15:00:09,4.520
1749758419.958636,15:00:19,4.495
1749758430.024372,15:00:30,4.464
1749758440.090255,15:00:40,4.512
1749758450.161035,15:00:50,4.506
1749758460.226701,15:01:00,4.450
1749758470.292773,15:01:10,4.486
1749758480.367987,15:01:20,4.458
1749758490.433742,15:01:30,4.436
1749758500.49955,15:01:40,4.479
1749758510.573241,15:01:50,4.499
1749758520.639088,15:02:00,4.485
1749758530.705027,15:02:10,4.496
1749758540.802247,15:02:20,4.452
1749758550.867895,15:02:30,4.529
1749758560.933726,15:02:40,4.443
1749758571.003578,15:02:51,4.516
1749758581.069746,15:03:01,4.462
1749758591.135548,15:03:11,4.477
1749758601.206399,15:03:21,4.509
1749758611.272082,15:03:31,4.515
1749758621.338033,15:03:41,4.485
1749758631.408029,15:03:51,4.484
1749758641.474087,15:04:01,4.502
1749758651.540296,15:04:11,4.501
1749758661.61055,15:04:21,4.481
1749758671.676418,15:04:31,4.489
1749758681.742336,15:04:41,4.457
1749758691.837646,15:04:51,4.446
1749758701.90343,15:05:01,4.504
1749758711.969283,15:05:11,4.488
1749758722.039196,15:05:22,4.514
1749758732.104958,15:05:32,4.502
1749758742.170861,15:05:42,4.515
1749758752.241772,15:05:52,4.486
1749758762.30763,15:06:02,4.500
1749758772.373534,15:06:12,4.508
1749758782.443932,15:06:22,4.465
1749758792.509694,15:06:32,4.503
1749758802.57576,15:06:42,4.493
1749758812.645996,15:06:52,4.486
1749758822.711852,15:07:02,4.481
1749758832.777616,15:07:12,4.512
1749758842.871361,15:07:22,4.444
1749758852.937229,15:07:32,4.469
1749758863.002984,15:07:43,4.495
1749758873.076831,15:07:53,4.461
1749758883.142888,15:08:03,4.495
1749758893.208847,15:08:13,4.490
1749758903.460371,15:08:23,4.460
1749758913.526201,15:08:33,4.436
1749758923.591873,15:08:43,4.480
1749758933.659959,15:08:53,4.429
1749758943.725856,15:09:03,4.519
1749758953.798136,15:09:13,4.484
1749758963.891265,15:09:23,4.461
1749758973.957127,15:09:33,4.515
1749758984.022726,15:09:44,4.480
1749758994.091489,15:09:54,4.502
1749759004.157326,15:10:04,4.501
1749759014.223075,15:10:14,4.477
1749759024.295496,15:10:24,4.509
1749759034.361325,15:10:34,4.487
1749759044.427192,15:10:44,4.515
1749759054.501586,15:10:54,4.502
1749759064.567313,15:11:04,4.502
1749759074.633281,15:11:14,4.522
1749759084.705729,15:11:24,4.428
1749759094.771694,15:11:34,4.497
1749759104.862481,15:11:44,4.427
1749759114.932323,15:11:54,4.475
1749759124.998581,15:12:04,4.447
1749759135.064547,15:12:15,4.505
1749759145.133948,15:12:25,4.480
1749759155.199918,15:12:35,4.466
1749759165.265803,15:12:45,4.509
1749759175.33565,15:12:55,4.520
1749759185.560125,15:13:05,4.434
1749759195.625756,15:13:15,4.496
1749759205.697929,15:13:25,4.504
1749759215.763735,15:13:35,4.494
1749759225.865677,15:13:45,4.435
1749759235.935128,15:13:55,4.498
1749759246.001274,15:14:06,4.473
1749759256.067218,15:14:16,4.509
1749759266.136598,15:14:26,4.515
1749759276.202623,15:14:36,4.508
1749759286.268286,15:14:46,4.442
1749759296.339086,15:14:56,4.435
1749759306.404906,15:15:06,4.478
1749759316.470599,15:15:16,4.503
1749759326.539748,15:15:26,4.493
1749759336.605532,15:15:36,4.463
1749759346.671468,15:15:46,4.451
1749759356.741003,15:15:56,4.500
1749759366.806719,15:16:06,4.438
1749759376.887998,15:16:16,4.424
1749759386.96057,15:16:26,4.441
1749759397.026593,15:16:37,4.429
1749759407.092416,15:16:47,4.479
1749759417.165219,15:16:57,4.441
1749759427.230922,15:17:07,4.494
1749759437.299324,15:17:17,4.483
1749759447.372585,15:17:27,4.472
1749759457.438533,15:17:37,4.420
1749759467.504291,15:17:47,4.493
1749759477.577518,15:17:57,4.443
1749759487.643299,15:18:07,4.499
1749759497.709212,15:18:17,4.452
1749759507.778627,15:18:27,4.493
1749759517.863827,15:18:37,4.439
1749759527.931036,15:18:47,4.422
1749759538.005662,15:18:58,4.524
1749759548.072174,15:19:08,4.460
1749759558.137955,15:19:18,4.493
1749759568.209582,15:19:28,4.504
1749759578.27565,15:19:38,4.497
1749759588.341539,15:19:48,4.443
1749759598.409847,15:19:58,4.487
1749759608.475843,15:20:08,4.485
1749759618.541672,15:20:18,4.489
1749759628.61023,15:20:28,4.471
1749759638.675913,15:20:38,4.440
1749759648.74148,15:20:48,4.480
1749759658.993426,15:20:58,4.436
1749759669.059539,15:21:09,4.465
1749759679.125285,15:21:19,4.501
1749759689.199428,15:21:29,4.463
1749759699.265214,15:21:39,4.496
1749759709.330932,15:21:49,4.478
1749759719.400335,15:21:59,4.454
1749759729.466097,15:22:09,4.501
1749759739.532031,15:22:19,4.490
1749759749.604221,15:22:29,4.422
1749759759.669923,15:22:39,4.425
1749759769.735999,15:22:49,4.478
1749759779.805175,15:22:59,4.432
1749759789.901248,15:23:09,4.401
1749759799.966866,15:23:19,4.463
1749759810.03809,15:23:30,4.478
1749759820.103754,15:23:40,4.457
1749759830.169743,15:23:50,4.483
1749759840.239604,15:24:00,4.437
1749759850.30547,15:24:10,4.431
1749759860.371489,15:24:20,4.481
1749759870.443507,15:24:30,4.491
1749759880.509263,15:24:40,4.468
1749759890.575021,15:24:50,4.397
1749759900.647131,15:25:00,4.421
1749759910.71312,15:25:10,4.482
1749759920.778886,15:25:20,4.472
1749759930.847639,15:25:30,4.482
1749759940.937464,15:25:40,4.419
1749759951.003084,15:25:51,4.493
1749759961.074703,15:26:01,4.485
1749759971.14046,15:26:11,4.484
1749759981.206147,15:26:21,4.432
1749759991.28191,15:26:31,4.492
1749760001.347699,15:26:41,4.476
1749760011.413423,15:26:51,4.423
1749760021.485708,15:27:01,4.467
1749760031.551646,15:27:11,4.487
1749760041.617707,15:27:21,4.480
1749760051.685913,15:27:31,4.457
1749760061.751815,15:27:41,4.504
1749760071.817801,15:27:51,4.428
1749760081.893574,15:28:01,4.434
1749760091.97709,15:28:11,4.429
1749760102.0432,15:28:22,4.507
1749760112.115674,15:28:32,4.439
1749760122.181436,15:28:42,4.503
1749760132.247342,15:28:52,4.471
1749760142.317159,15:29:02,4.499
1749760152.382878,15:29:12,4.480
1749760162.448593,15:29:22,4.479
1749760172.520395,15:29:32,4.406
1749760182.586348,15:29:42,4.492
1749760192.652064,15:29:52,4.447
1749760202.720479,15:30:02,4.453
1749760212.786139,15:30:12,4.484
1749760222.852155,15:30:22,4.492
1749760232.94884,15:30:32,4.417
1749760243.014358,15:30:43,4.438
1749760253.080374,15:30:53,4.490
1749760263.150476,15:31:03,4.446
1749760273.21624,15:31:13,4.434
1749760283.28189,15:31:23,4.455
1749760293.352854,15:31:33,4.457
1749760303.418706,15:31:43,4.467
1749760313.484441,15:31:53,4.487
1749760323.553662,15:32:03,4.478
1749760333.61951,15:32:13,4.449
1749760343.685138,15:32:23,4.429
1749760353.756688,15:32:33,4.487
1749760363.822301,15:32:43,4.487
1749760373.888449,15:32:53,4.509
1749760383.991736,15:33:03,4.427
1749760394.067743,15:33:14,4.394
1749760404.133566,15:33:24,4.491
1749760414.203985,15:33:34,4.450
1749760424.270065,15:33:44,4.490
1749760434.335677,15:33:54,4.449
1749760444.408133,15:34:04,4.424
1749760454.474203,15:34:14,4.446
1749760464.540063,15:34:24,4.444
1749760474.61072,15:34:34,4.498
1749760484.67655,15:34:44,4.498
1749760494.742356,15:34:54,4.453
1749760504.812041,15:35:04,4.489
1749760514.878061,15:35:14,4.442
1749760524.968448,15:35:24,4.418
1749760535.039372,15:35:35,4.426
1749760545.105019,15:35:45,4.430
1749760555.170952,15:35:55,4.404
1749760565.241753,15:36:05,4.468
1749760575.307866,15:36:15,4.456
1749760585.373965,15:36:25,4.434
1749760595.44326,15:36:35,4.458
1749760605.508974,15:36:45,4.457
1749760615.574946,15:36:55,4.486
1749760625.650025,15:37:05,4.461
1749760635.715807,15:37:15,4.441
1749760645.781911,15:37:25,4.468
1749760655.85759,15:37:35,4.408
1749760665.923524,15:37:45,4.443
1749760676.008499,15:37:56,4.411
1749760686.080022,15:38:06,4.437
1749760696.14575,15:38:16,4.480
1749760706.211854,15:38:26,4.493
1749760716.28161,15:38:36,4.434
1749760726.347385,15:38:46,4.452
1749760736.41326,15:38:56,4.464
1749760746.484831,15:39:06,4.472
1749760756.556269,15:39:16,4.475
1749760766.622301,15:39:26,4.441
1749760776.695706,15:39:36,4.407
1749760786.761625,15:39:46,4.471
1749760796.827339,15:39:56,4.472
1749760806.898256,15:40:06,4.481
1749760816.985376,15:40:16,4.405
1749760827.052343,15:40:27,4.435
1749760837.129381,15:40:37,4.486
1749760847.19505,15:40:47,4.423
1749760857.261053,15:40:57,4.446
1749760867.331026,15:41:07,4.438
1749760877.396759,15:41:17,4.484
1749760887.4625,15:41:27,4.417
1749760897.531898,15:41:37,4.432
1749760907.597565,15:41:47,4.436
1749760917.663424,15:41:57,4.419
1749760927.735237,15:42:07,4.452
1749760937.800984,15:42:17,4.493
1749760947.866859,15:42:27,4.482
1749760957.935871,15:42:37,4.458
1749760968.025365,15:42:48,4.411
1749760978.091052,15:42:58,4.439
1749760988.159717,15:43:08,4.462
1749760998.411383,15:43:18,4.401
1749761008.477102,15:43:28,4.442
1749761018.609914,15:43:38,4.411
1749761028.67541,15:43:48,4.429
1749761038.741328,15:43:58,4.477
1749761048.809414,15:44:08,4.444
1749761058.875368,15:44:18,4.438
1749761068.941086,15:44:28,4.485
1749761079.036477,15:44:39,4.397
1749761089.102285,15:44:49,4.456
1749761099.167953,15:44:59,4.434
1749761109.24126,15:45:09,4.429
1749761119.493381,15:45:19,4.392
1749761129.559231,15:45:29,4.456
1749761139.630131,15:45:39,4.466
1749761149.882358,15:45:49,4.392
1749761159.948128,15:45:59,4.464
1749761170.055194,15:46:10,4.419
1749761180.121048,15:46:20,4.487
1749761190.186705,15:46:30,4.492
1749761200.2626,15:46:40,4.419
1749761210.328238,15:46:50,4.469
1749761220.394854,15:47:00,4.453
1749761230.463016,15:47:10,4.401
1749761240.528696,15:47:20,4.427
1749761250.594533,15:47:30,4.411
1749761260.665652,15:47:40,4.478
1749761270.731459,15:47:50,4.460
1749761280.798072,15:48:00,4.468
1749761290.865908,15:48:10,4.437
1749761300.931591,15:48:20,4.453
1749761311.011935,15:48:31,4.396
1749761321.094971,15:48:41,4.401
1749761331.347367,15:48:51,4.423
1749761341.413098,15:49:01,4.462
1749761351.485002,15:49:11,4.471
1749761361.550974,15:49:21,4.406
1749761371.616632,15:49:31,4.417
1749761381.687118,15:49:41,4.458
1749761391.752828,15:49:51,4.481
1749761401.818639,15:50:01,4.412
1749761412.070405,15:50:12,4.386
1749761422.13633,15:50:22,4.444
1749761432.202475,15:50:32,4.409
1749761442.271214,15:50:42,4.478
1749761452.336871,15:50:52,4.476
1749761462.402933,15:51:02,4.423
1749761472.473167,15:51:12,4.416
1749761482.539113,15:51:22,4.456
1749761492.604831,15:51:32,4.414
1749761502.67399,15:51:42,4.465
1749761512.739591,15:51:52,4.432
1749761522.80539,15:52:02,4.456
1749761532.8754,15:52:12,4.485
1749761542.941105,15:52:22,4.430
1749761553.007166,15:52:33,4.457
1749761563.099511,15:52:43,4.413
1749761573.165771,15:52:53,4.498
1749761583.231799,15:53:03,4.456
1749761593.306578,15:53:13,4.414
1749761603.372255,15:53:23,4.411
1749761613.437955,15:53:33,4.452
1749761623.507397,15:53:43,4.472
1749761633.573424,15:53:53,4.415
1749761643.639172,15:54:03,4.463
1749761653.710775,15:54:13,4.436
1749761663.77662,15:54:23,4.480
1749761673.842468,15:54:33,4.449
1749761683.915373,15:54:43,4.478
1749761693.981175,15:54:53,4.427
1749761704.23335,15:55:04,4.427
1749761714.304407,15:55:14,4.455
1749761724.3703,15:55:24,4.475
1749761734.435989,15:55:34,4.425
1749761744.506528,15:55:44,4.474
1749761754.57279,15:55:54,4.411
1749761764.638696,15:56:04,4.474
1749761774.709076,15:56:14,4.457
1749761784.774973,15:56:24,4.472
1749761794.84069,15:56:34,4.445
1749761804.908645,15:56:44,4.448
1749761814.974897,15:56:54,4.465
1749761825.048594,15:57:05,4.425
1749761835.143661,15:57:15,4.400
1749761845.209229,15:57:25,4.442
1749761855.274923,15:57:35,4.410
1749761865.344971,15:57:45,4.441
1749761875.410703,15:57:55,4.437
1749761885.476249,15:58:05,4.423
1749761895.547347,15:58:15,4.474
1749761905.613015,15:58:25,4.473
1749761915.678969,15:58:35,4.447
1749761925.749625,15:58:45,4.441
1749761935.815588,15:58:55,4.418
1749761945.881393,15:59:05,4.405
1749761955.951459,15:59:15,4.454
1749761966.017371,15:59:26,4.470
1749761976.109561,15:59:36,4.397
1749761986.178518,15:59:46,4.447
1749761996.244209,15:59:56,4.438
1749762006.310207,16:00:06,4.462
1749762016.385056,16:00:16,4.451
1749762026.450692,16:00:26,4.453
1749762036.516693,16:00:36,4.458
1749762046.587695,16:00:46,4.400
1749762056.653495,16:00:56,4.415
1749762066.719157,16:01:06,4.432
1749762076.789802,16:01:16,4.441
1749762087.041377,16:01:27,4.406
1749762097.130419,16:01:37,4.396
1749762107.200394,16:01:47,4.462
1749762117.266275,16:01:57,4.418
1749762127.331985,16:02:07,4.421
1749762137.400621,16:02:17,4.429
1749762147.466383,16:02:27,4.461
1749762157.532244,16:02:37,4.461
1749762167.600959,16:02:47,4.452
1749762177.666866,16:02:57,4.435
1749762187.732662,16:03:07,4.443
1749762197.984378,16:03:17,4.387
1749762208.05016,16:03:28,4.454
1749762218.138584,16:03:38,4.417
1749762228.210667,16:03:48,4.450
1749762238.276791,16:03:58,4.451
1749762248.342613,16:04:08,4.439
1749762258.411766,16:04:18,4.390
1749762268.477554,16:04:28,4.394
1749762278.543301,16:04:38,4.413
1749762288.619232,16:04:48,4.392
1749762298.685038,16:04:58,4.466
1749762308.750926,16:05:08,4.416
1749762318.823438,16:05:18,4.410
1749762328.889138,16:05:28,4.449
1749762339.14142,16:05:39,4.379
1749762349.213404,16:05:49,4.469
1749762359.27909,16:05:59,4.467
1749762369.345146,16:06:09,4.451
1749762379.413137,16:06:19,4.420
1749762389.478984,16:06:29,4.438
1749762399.544817,16:06:39,4.383
1749762409.615301,16:06:49,4.452
1749762419.68122,16:06:59,4.444
1749762429.747106,16:07:09,4.426
1749762439.815895,16:07:19,4.443
1749762449.881671,16:07:29,4.454
1749762459.947377,16:07:39,4.390
1749762470.019682,16:07:50,4.423
1749762480.085813,16:08:00,4.371
1749762490.168764,16:08:10,4.372
1749762500.238948,16:08:20,4.407
1749762510.304995,16:08:30,4.402
1749762520.370721,16:08:40,4.464
1749762530.44366,16:08:50,4.436
1749762540.509574,16:09:00,4.443
1749762550.575794,16:09:10,4.380
1749762560.651673,16:09:20,4.402
1749762570.717303,16:09:30,4.432
1749762580.96954,16:09:40,4.396
1749762591.03815,16:09:51,4.428
1749762601.110535,16:10:01,4.420
1749762611.196694,16:10:11,4.396
1749762621.267047,16:10:21,4.394
1749762631.332681,16:10:31,4.454
1749762641.398595,16:10:41,4.396
1749762651.468782,16:10:51,4.431
1749762661.534653,16:11:01,4.448
1749762671.600284,16:11:11,4.377
1749762681.66917,16:11:21,4.396
1749762691.73482,16:11:31,4.408
1749762701.800568,16:11:41,4.399
1749762711.869203,16:11:51,4.443
1749762721.93489,16:12:01,4.388
1749762732.000654,16:12:12,4.442
1749762742.073367,16:12:22,4.374
1749762752.171439,16:12:32,4.388
1749762762.237275,16:12:42,4.395
1749762772.312594,16:12:52,4.384
1749762782.378325,16:13:02,4.430
1749762792.444325,16:13:12,4.451
1749762802.514602,16:13:22,4.437
1749762812.580262,16:13:32,4.403
1749762822.646278,16:13:42,4.393
1749762832.715755,16:13:52,4.369
1749762842.967388,16:14:02,4.394
1749762853.033407,16:14:13,4.427
1749762863.194997,16:14:23,4.390
1749762873.260566,16:14:33,4.445
1749762883.326153,16:14:43,4.442
1749762893.395452,16:14:53,4.371
1749762903.461242,16:15:03,4.430
1749762913.527015,16:15:13,4.399
1749762923.597685,16:15:23,4.365
1749762933.663501,16:15:33,4.425
1749762943.729491,16:15:43,4.434
1749762953.798205,16:15:53,4.436
1749762963.86393,16:16:03,4.416
1749762973.92984,16:16:13,4.436
1749762983.999572,16:16:23,4.370
1749762994.065502,16:16:34,4.447
1749763004.131464,16:16:44,4.383
1749763014.225399,16:16:54,4.376
1749763024.291297,16:17:04,4.432
1749763034.357425,16:17:14,4.369
1749763044.426358,16:17:24,4.393
1749763054.492039,16:17:34,4.398
1749763064.557845,16:17:44,4.436
1749763074.627807,16:17:54,4.387
1749763084.693848,16:18:04,4.448
1749763094.759921,16:18:14,4.448
1749763104.828843,16:18:24,4.437
1749763114.894487,16:18:34,4.436
1749763124.960702,16:18:44,4.450
1749763135.037208,16:18:55,4.455
1749763145.103473,16:19:05,4.441
1749763155.205333,16:19:15,4.383
1749763165.274356,16:19:25,4.436
1749763175.340532,16:19:35,4.443
1749763185.406653,16:19:45,4.412
1749763195.476782,16:19:55,4.396
1749763205.542586,16:20:05,4.393
1749763215.608286,16:20:15,4.411
1749763225.678462,16:20:25,4.422
1749763235.744458,16:20:35,4.403
1749763245.810447,16:20:45,4.431
1749763255.882032,16:20:55,4.389
1749763265.948109,16:21:05,4.408
1749763276.014631,16:21:16,4.401
1749763286.082634,16:21:26,4.432
1749763296.155085,16:21:36,4.380
1749763306.238108,16:21:46,4.361
1749763316.309717,16:21:56,4.429
1749763326.375603,16:22:06,4.399
1749763336.441549,16:22:16,4.435
1749763346.510418,16:22:26,4.349
1749763356.576356,16:22:36,4.428
1749763366.642473,16:22:46,4.408
1749763376.712315,16:22:56,4.398
1749763386.778486,16:23:06,4.376
1749763396.8442,16:23:16,4.355
1749763406.914414,16:23:26,4.364
1749763416.980129,16:23:36,4.430
1749763427.045841,16:23:47,4.402
1749763437.297455,16:23:57,4.336
1749763447.363223,16:24:07,4.388
1749763457.429075,16:24:17,4.424
1749763467.502653,16:24:27,4.437
1749763477.56852,16:24:37,4.396
1749763487.634191,16:24:47,4.421
1749763497.702132,16:24:57,4.411
1749763507.767824,16:25:07,4.419
1749763517.833544,16:25:17,4.404
1749763527.90697,16:25:27,4.428
1749763537.972913,16:25:37,4.410
1749763548.0389,16:25:48,4.363
1749763558.10876,16:25:58,4.345
1749763568.209073,16:26:08,4.374
1749763578.275325,16:26:18,4.412
1749763588.343385,16:26:28,4.424
1749763598.409334,16:26:38,4.360
1749763608.475286,16:26:48,4.437
1749763618.546109,16:26:58,4.377
1749763628.611841,16:27:08,4.433
1749763638.863365,16:27:18,4.378
1749763648.937447,16:27:28,4.429
1749763659.003226,16:27:39,4.406
1749763669.069509,16:27:49,4.436
1749763679.139309,16:27:59,4.339
1749763689.23392,16:28:09,4.384
1749763699.299804,16:28:19,4.411
1749763709.37165,16:28:29,4.386
1749763719.437333,16:28:39,4.356
1749763729.503039,16:28:49,4.402
1749763739.573508,16:28:59,4.413
1749763749.639254,16:29:09,4.409
1749763759.704814,16:29:19,4.430
1749763769.773142,16:29:29,4.404
1749763779.838953,16:29:39,4.393
1749763789.904636,16:29:49,4.446
1749763799.974729,16:29:59,4.353
1749763810.040484,16:30:10,4.444
1749763820.106417,16:30:20,4.424
1749763830.176475,16:30:30,4.413
1749763840.261007,16:30:40,4.388
1749763850.326671,16:30:50,4.427
1749763860.397216,16:31:00,4.363
1749763870.463237,16:31:10,4.450
1749763880.531935,16:31:20,4.419
1749763890.604094,16:31:30,4.429
1749763900.669882,16:31:40,4.430
1749763910.735929,16:31:50,4.433
1749763920.806615,16:32:00,4.422
1749763930.872548,16:32:10,4.356
1749763940.938159,16:32:20,4.392
1749763951.008237,16:32:31,4.419
1749763961.074188,16:32:41,4.363
1749763971.139945,16:32:51,4.373
1749763981.235407,16:33:01,4.343
1749763991.301183,16:33:11,4.384
1749764001.367231,16:33:21,4.375
1749764011.439357,16:33:31,4.387
1749764021.5051,16:33:41,4.425
1749764031.570857,16:33:51,4.375
1749764041.641781,16:34:01,4.364
1749764051.707421,16:34:11,4.412
1749764061.773439,16:34:21,4.392
1749764071.846551,16:34:31,4.422
1749764081.912221,16:34:41,4.417
1749764091.978216,16:34:51,4.356
1749764102.04963,16:35:02,4.354
1749764112.115603,16:35:12,4.423
1749764122.181412,16:35:22,4.410
1749764132.274872,16:35:32,4.354
1749764142.340701,16:35:42,4.399
1749764152.406577,16:35:52,4.340
1749764162.477174,16:36:02,4.422
1749764172.543102,16:36:12,4.343
1749764182.608975,16:36:22,4.396
1749764192.67714,16:36:32,4.398
1749764202.743018,16:36:42,4.412
1749764212.808929,16:36:52,4.416
1749764222.877548,16:37:02,4.380
1749764232.94347,16:37:12,4.384
1749764243.009669,16:37:23,4.376
1749764253.079049,16:37:33,4.428
1749764263.144702,16:37:43,4.428
1749764273.210536,16:37:53,4.363
1749764283.296184,16:38:03,4.378
1749764293.36172,16:38:13,4.436
1749764303.427869,16:38:23,4.432
1749764313.500037,16:38:33,4.354
1749764323.565868,16:38:43,4.374
1749764333.631757,16:38:53,4.381
1749764343.81176,16:39:03,4.365
1749764353.877676,16:39:13,4.428
1749764363.943256,16:39:23,4.398
1749764374.017255,16:39:34,4.446
1749764384.082827,16:39:44,4.380
1749764394.148518,16:39:54,4.417
1749764404.220378,16:40:04,4.386
1749764414.304441,16:40:14,4.351
1749764424.370055,16:40:24,4.394
1749764434.441734,16:40:34,4.331
1749764444.50741,16:40:44,4.432
1749764454.573417,16:40:54,4.427
1749764464.643609,16:41:04,4.418
1749764474.709374,16:41:14,4.389
1749764484.789009,16:41:24,4.280
1749764494.857041,16:41:34,4.398
1749764505.109349,16:41:45,4.368
1749764515.175093,16:41:55,4.337
1749764525.272602,16:42:05,4.355
1749764535.338343,16:42:15,4.358
1749764545.404142,16:42:25,4.400
1749764555.479797,16:42:35,4.412
1749764565.731408,16:42:45,4.398
1749764575.797235,16:42:55,4.433
1749764585.865623,16:43:05,4.434
1749764595.931359,16:43:15,4.356
1749764605.997121,16:43:25,4.400
1749764616.069924,16:43:36,4.424
1749764626.135843,16:43:46,4.416
1749764636.201644,16:43:56,4.407
1749764646.302642,16:44:06,4.343
1749764656.368266,16:44:16,4.408
1749764666.434125,16:44:26,4.366
1749764676.502838,16:44:36,4.345
1749764686.568884,16:44:46,4.424
1749764696.63484,16:44:56,4.373
1749764706.703298,16:45:06,4.339
1749764716.769261,16:45:16,4.400
1749764726.835303,16:45:26,4.418
1749764736.903481,16:45:36,4.385
1749764746.9695,16:45:46,4.380
1749764757.035121,16:45:57,4.347
1749764767.10444,16:46:07,4.438
1749764777.17054,16:46:17,4.409
1749764787.236194,16:46:27,4.386
1749764797.326265,16:46:37,4.342
1749764807.392151,16:46:47,4.392
1749764817.457907,16:46:57,4.405
1749764827.531355,16:47:07,4.407
1749764837.597126,16:47:17,4.389
1749764847.662769,16:47:27,4.409
1749764857.734341,16:47:37,4.365
1749764867.800292,16:47:47,4.414
1749764877.865928,16:47:57,4.346
1749764887.936725,16:48:07,4.403
1749764898.002663,16:48:18,4.407
1749764908.068497,16:48:28,4.361
1749764918.14342,16:48:38,4.400
1749764928.209107,16:48:48,4.369
1749764938.290941,16:48:58,4.360
1749764948.371642,16:49:08,4.348
1749764958.601518,16:49:18,4.343
1749764968.667402,16:49:28,4.351
1749764978.738724,16:49:38,4.387
1749764988.80461,16:49:48,4.400
1749764998.870444,16:49:58,4.376
1749765008.943385,16:50:08,4.368
1749765019.009216,16:50:19,4.426
1749765029.074977,16:50:29,4.362
1749765039.150974,16:50:39,4.323
1749765049.216784,16:50:49,4.354
1749765059.289503,16:50:59,4.368
1749765069.379888,16:51:09,4.365
1749765079.445782,16:51:19,4.423
1749765089.511477,16:51:29,4.411
1749765099.587017,16:51:39,4.364
1749765109.652777,16:51:49,4.429
1749765119.718595,16:51:59,4.412
1749765129.788699,16:52:09,4.407
1749765139.854581,16:52:19,4.419
1749765149.920622,16:52:29,4.423
1749765159.991132,16:52:39,4.406
1749765170.05672,16:52:50,4.372
1749765180.122556,16:53:00,4.385
1749765190.193787,16:53:10,4.387
1749765200.259603,16:53:20,4.381
1749765210.349696,16:53:30,4.359
1749765220.420163,16:53:40,4.405
1749765230.485954,16:53:50,4.399
1749765240.551572,16:54:00,4.384
1749765250.622451,16:54:10,4.405
1749765260.688433,16:54:20,4.364
1749765270.754093,16:54:30,4.431
1749765280.825639,16:54:40,4.408
1749765290.891752,16:54:50,4.430
1749765300.958245,16:55:00,4.414
1749765311.036307,16:55:11,4.401
1749765321.101967,16:55:21,4.381
1749765331.167948,16:55:31,4.345
1749765341.242517,16:55:41,4.361
1749765351.322755,16:55:51,4.363
1749765361.40483,16:56:01,4.357
1749765371.479089,16:56:11,4.400
1749765381.544783,16:56:21,4.396
1749765391.610521,16:56:31,4.377
1749765401.680782,16:56:41,4.378
1749765411.785379,16:56:51,4.344
1749765421.851298,16:57:01,4.377
1749765431.919955,16:57:11,4.426
1749765441.98559,16:57:21,4.411
1749765452.051511,16:57:32,4.393
1749765462.121923,16:57:42,4.379
1749765472.187528,16:57:52,4.359
1749765482.253577,16:58:02,4.339
1749765492.336514,16:58:12,4.329
1749765502.412134,16:58:22,4.340
1749765512.478295,16:58:32,4.384
1749765522.546017,16:58:42,4.404
1749765532.611645,16:58:52,4.407
1749765542.677824,16:59:02,4.392
1749765552.748468,16:59:12,4.376
1749765562.814411,16:59:22,4.378
1749765572.880662,16:59:32,4.399
1749765582.950186,16:59:42,4.411
1749765593.015781,16:59:53,4.408
1749765603.081969,17:00:03,4.430
1749765613.150269,17:00:13,4.401
1749765623.216107,17:00:23,4.400
1749765633.28237,17:00:33,4.426
1749765643.384303,17:00:43,4.338
1749765653.450042,17:00:53,4.403
1749765663.515721,17:01:03,4.412
1749765673.588957,17:01:13,4.383
1749765683.654657,17:01:23,4.397
1749765693.720759,17:01:33,4.401
1749765703.790468,17:01:43,4.392
1749765714.042407,17:01:54,4.358
1749765724.10827,17:02:04,4.359
1749765734.273652,17:02:14,4.353
1749765744.36227,17:02:24,4.365
1749765754.428036,17:02:34,4.311
1749765764.502647,17:02:44,4.388
1749765774.568275,17:02:54,4.423
1749765784.63444,17:03:04,4.396
1749765794.703509,17:03:14,4.402
1749765804.76932,17:03:24,4.361
1749765814.83512,17:03:34,4.367
1749765824.906621,17:03:44,4.373
1749765834.972431,17:03:54,4.400
1749765845.038471,17:04:05,4.405
1749765855.111177,17:04:15,4.351
1749765865.176794,17:04:25,4.393
1749765875.242757,17:04:35,4.404
1749765885.310886,17:04:45,4.388
1749765895.4017,17:04:55,4.363
1749765905.467852,17:05:05,4.437
1749765915.538257,17:05:15,4.352
1749765925.604271,17:05:25,4.399
1749765935.669931,17:05:35,4.379
1749765945.739136,17:05:45,4.412
1749765955.804793,17:05:55,4.384
1749765965.870815,17:06:05,4.432
1749765975.942127,17:06:15,4.395
1749765986.007812,17:06:26,4.426
1749765996.073783,17:06:36,4.398
1749766006.14838,17:06:46,4.362
1749766016.214112,17:06:56,4.361
1749766026.280139,17:07:06,4.414
1749766036.348158,17:07:16,4.387
1749766046.434137,17:07:26,4.340
1749766056.499726,17:07:36,4.422
1749766066.57334,17:07:46,4.427
1749766076.639105,17:07:56,4.407
1749766086.705244,17:08:06,4.366
1749766096.957368,17:08:16,4.357
1749766107.023265,17:08:27,4.424
1749766117.08893,17:08:37,4.419
1749766127.157457,17:08:47,4.392
1749766137.223078,17:08:57,4.382
1749766147.289128,17:09:07,4.348
1749766157.361198,17:09:17,4.362
1749766167.44388,17:09:27,4.354
1749766177.509598,17:09:37,4.339
1749766187.581629,17:09:47,4.365
1749766197.647484,17:09:57,4.404
1749766207.713437,17:10:07,4.376
1749766217.784638,17:10:17,4.407
1749766227.8504,17:10:27,4.365
1749766237.916272,17:10:37,4.409
1749766247.985953,17:10:47,4.335
1749766258.051752,17:10:58,4.343
1749766268.117679,17:11:08,4.378
1749766278.188236,17:11:18,4.385
1749766288.254174,17:11:28,4.381
1749766298.320099,17:11:38,4.340
1749766308.403409,17:11:48,4.340
1749766318.655389,17:11:58,4.334
1749766328.722113,17:12:08,4.426
1749766338.791635,17:12:18,4.310
1749766348.857493,17:12:28,4.382
1749766358.923473,17:12:38,4.377
1749766368.993053,17:12:48,4.354
1749766379.058848,17:12:59,4.397
1749766389.124616,17:13:09,4.342
1749766399.196093,17:13:19,4.409
1749766409.261866,17:13:29,4.391
1749766419.327854,17:13:39,4.396
1749766429.408213,17:13:49,4.362
1749766439.48971,17:13:59,4.329
1749766449.55545,17:14:09,4.329
1749766459.625279,17:14:19,4.334
1749766469.691559,17:14:29,4.390
1749766479.757625,17:14:39,4.413
1749766489.829894,17:14:49,4.385
1749766499.895515,17:14:59,4.399
1749766509.961613,17:15:09,4.349
1749766520.029472,17:15:20,4.382
1749766530.095119,17:15:30,4.409
1749766540.161078,17:15:40,4.405
1749766550.231409,17:15:50,4.385
1749766560.297354,17:16:00,4.366
1749766570.363008,17:16:10,4.388
1749766580.460691,17:16:20,4.358
1749766590.52624,17:16:30,4.402
1749766600.592327,17:16:40,4.423
1749766610.660643,17:16:50,4.376
1749766620.726279,17:17:00,4.373
1749766630.792248,17:17:10,4.350
1749766640.86411,17:17:20,4.417
1749766650.929811,17:17:30,4.418
1749766660.995749,17:17:40,4.418
1749766671.064839,17:17:51,4.375
1749766681.130597,17:18:01,4.370
1749766691.196417,17:18:11,4.410
1749766701.272337,17:18:21,4.393
1749766711.337998,17:18:31,4.379
1749766721.403699,17:18:41,4.402
1749766731.494399,17:18:51,4.354
1749766741.560284,17:19:01,4.391
1749766751.625884,17:19:11,4.402
1749766761.696053,17:19:21,4.342
1749766771.761822,17:19:31,4.371
1749766781.827598,17:19:41,4.349
1749766791.896196,17:19:51,4.396
1749766801.96229,17:20:01,4.346
1749766812.027997,17:20:12,4.355
1749766822.100341,17:20:22,4.392
1749766832.166419,17:20:32,4.411
1749766842.232133,17:20:42,4.352
1749766852.302775,17:20:52,4.376
1749766862.369148,17:21:02,4.423
1749766872.447868,17:21:12,4.355
1749766882.541985,17:21:22,4.361
1749766892.60766,17:21:32,4.368
1749766902.67367,17:21:42,4.343
1749766912.743858,17:21:52,4.394
1749766922.810023,17:22:02,4.402
1749766932.875996,17:22:12,4.386
1749766942.946448,17:22:22,4.373
1749766953.012359,17:22:33,4.363
1749766963.078282,17:22:43,4.406
1749766973.149373,17:22:53,4.358
1749766983.215123,17:23:03,4.400
1749766993.281097,17:23:13,4.409
1749767003.352669,17:23:23,4.377
1749767013.418501,17:23:33,4.385
1749767023.500709,17:23:43,4.342
1749767033.569728,17:23:53,4.428
1749767043.635419,17:24:03,4.362
1749767053.701195,17:24:13,4.413
1749767063.776802,17:24:23,4.400
1749767073.842401,17:24:33,4.341
1749767083.908135,17:24:43,4.410
1749767093.977815,17:24:53,4.386
1749767104.043866,17:25:04,4.421
1749767114.10955,17:25:14,4.384
1749767124.180899,17:25:24,4.331
1749767134.246677,17:25:34,4.402
1749767144.31263,17:25:44,4.414
1749767154.38563,17:25:54,4.366
1749767164.4579,17:26:04,4.361
1749767174.54039,17:26:14,4.324
1749767184.615096,17:26:24,4.401
1749767194.680809,17:26:34,4.377
1749767204.74692,17:26:44,4.372
1749767214.818101,17:26:54,4.374
1749767224.884217,17:27:04,4.360
1749767234.950338,17:27:14,4.324
1749767245.019399,17:27:25,4.392
1749767255.085387,17:27:35,4.382
1749767265.15119,17:27:45,4.379
1749767275.226536,17:27:55,4.352
1749767285.292184,17:28:05,4.403
1749767295.357732,17:28:15,4.325
1749767305.42758,17:28:25,4.372
1749767315.522319,17:28:35,4.348
1749767325.588169,17:28:45,4.371
1749767335.660412,17:28:55,4.325
1749767345.72648,17:29:05,4.386
1749767355.792248,17:29:15,4.394
1749767365.864599,17:29:25,4.403
1749767375.930417,17:29:35,4.355
1749767385.996112,17:29:45,4.388
1749767396.064579,17:29:56,4.403
1749767406.130604,17:30:06,4.396
1749767416.196353,17:30:16,4.376
1749767426.26557,17:30:26,4.323
1749767436.331256,17:30:36,4.381
1749767446.397081,17:30:46,4.396
1749767456.465208,17:30:56,4.397
1749767466.549391,17:31:06,4.332
1749767476.61508,17:31:16,4.395
1749767486.685779,17:31:26,4.409
1749767496.751608,17:31:36,4.333
1749767506.817352,17:31:46,4.342
1749767516.887445,17:31:56,4.378
1749767526.953169,17:32:06,4.376
1749767537.019038,17:32:17,4.344
1749767547.090119,17:32:27,4.401
1749767557.156063,17:32:37,4.327
1749767567.221856,17:32:47,4.393
1749767577.291326,17:32:57,4.401
1749767587.357351,17:33:07,4.406
1749767597.423296,17:33:17,4.370
1749767607.499227,17:33:27,4.302
1749767617.583155,17:33:37,4.352
1749767627.648794,17:33:47,4.370
1749767637.721217,17:33:57,4.373
1749767647.787395,17:34:07,4.344
1749767657.853144,17:34:17,4.399
1749767667.925734,17:34:27,4.324
1749767677.991739,17:34:37,4.390
1749767688.057828,17:34:48,4.401
1749767698.125721,17:34:58,4.387
1749767708.191457,17:35:08,4.414
1749767718.257393,17:35:18,4.374
1749767728.331909,17:35:28,4.358
1749767738.397642,17:35:38,4.381
1749767748.463441,17:35:48,4.344
1749767758.560055,17:35:58,4.326
1749767768.625845,17:36:08,4.380
1749767778.691843,17:36:18,4.408
1749767788.761111,17:36:28,4.390
1749767798.826821,17:36:38,4.391
1749767808.892737,17:36:48,4.379
1749767818.962591,17:36:58,4.376
1749767829.028247,17:37:09,4.378
1749767839.093974,17:37:19,4.373
1749767849.162357,17:37:29,4.376
1749767859.228119,17:37:39,4.337
1749767869.293989,17:37:49,4.337
1749767879.362617,17:37:59,4.301
1749767889.428473,17:38:09,4.389
1749767899.494027,17:38:19,4.320
1749767909.594973,17:38:29,4.300
1749767919.660786,17:38:39,4.325
1749767929.72657,17:38:49,4.376
1749767939.796764,17:38:59,4.362
1749767950.048372,17:39:10,4.324
1749767960.114128,17:39:20,4.316
1749767970.187575,17:39:30,4.376
1749767980.253664,17:39:40,4.376
1749767990.319401,17:39:50,4.331
1749768000.389487,17:40:00,4.382
1749768010.455741,17:40:10,4.386
1749768020.521635,17:40:20,4.350
1749768030.613125,17:40:30,4.350
1749768040.679151,17:40:40,4.392
1749768050.744842,17:40:50,4.385
1749768060.820511,17:41:00,4.293
1749768070.88624,17:41:10,4.326
1749768080.952061,17:41:20,4.369
1749768091.022353,17:41:31,4.359
1749768101.088164,17:41:41,4.393
1749768111.15393,17:41:51,4.378
1749768121.224322,17:42:01,4.395
1749768131.290229,17:42:11,4.389
1749768141.355931,17:42:21,4.359
1749768151.426861,17:42:31,4.359
1749768161.492685,17:42:41,4.355
1749768171.558461,17:42:51,4.380
1749768181.650155,17:43:01,4.320
1749768191.71618,17:43:11,4.374
1749768201.782254,17:43:21,4.336
1749768211.853956,17:43:31,4.359
1749768221.919643,17:43:41,4.405
1749768231.98549,17:43:51,4.348
1749768242.062567,17:44:02,4.344
1749768252.128696,17:44:12,4.369
1749768262.194469,17:44:22,4.396
1749768272.263414,17:44:32,4.333
1749768282.329069,17:44:42,4.378
1749768292.395025,17:44:52,4.402
1749768302.466868,17:45:02,4.369
1749768312.532576,17:45:12,4.332
1749768322.630676,17:45:22,4.321
1749768332.703783,17:45:32,4.349
1749768342.76949,17:45:42,4.353
1749768352.835557,17:45:52,4.397
1749768362.903868,17:46:02,4.378
1749768372.96967,17:46:12,4.369
1749768383.035624,17:46:23,4.321
1749768393.103771,17:46:33,4.383
1749768403.169533,17:46:43,4.403
1749768413.235266,17:46:53,4.365
1749768423.305081,17:47:03,4.380
1749768433.370906,17:47:13,4.368
1749768443.436588,17:47:23,4.409
1749768453.508774,17:47:33,4.342
1749768463.574538,17:47:43,4.414
1749768473.666203,17:47:53,4.325
1749768483.739551,17:48:03,4.397
1749768493.805453,17:48:13,4.385
1749768503.871545,17:48:23,4.340
1749768513.94261,17:48:33,4.367
1749768524.008539,17:48:44,4.372
1749768534.07456,17:48:54,4.347
1749768544.143393,17:49:04,4.402
1749768554.209223,17:49:14,4.385
1749768564.27488,17:49:24,4.317
1749768574.346139,17:49:34,4.357
1749768584.411876,17:49:44,4.358
1749768594.477578,17:49:54,4.358
1749768604.54756,17:50:04,4.392
1749768614.613471,17:50:14,4.373
1749768624.697652,17:50:24,4.350
1749768634.766928,17:50:34,4.356
1749768644.83251,17:50:44,4.339
1749768654.898121,17:50:54,4.366
1749768664.967644,17:51:04,4.396
1749768675.033347,17:51:15,4.406
1749768685.099462,17:51:25,4.395
1749768695.168949,17:51:35,4.366
1749768705.23484,17:51:45,4.394
1749768715.300571,17:51:55,4.359
1749768725.37406,17:52:05,4.408
1749768735.439689,17:52:15,4.368
1749768745.505634,17:52:25,4.400
1749768755.581674,17:52:35,4.354
1749768765.671965,17:52:45,4.294
1749768775.737982,17:52:55,4.348
1749768785.806858,17:53:05,4.368
1749768795.872575,17:53:15,4.378
1749768805.93831,17:53:25,4.354
1749768816.007042,17:53:36,4.363
1749768826.072695,17:53:46,4.359
1749768836.138342,17:53:56,4.328
1749768846.208856,17:54:06,4.382
1749768856.274811,17:54:16,4.388
1749768866.340456,17:54:26,4.360
1749768876.411365,17:54:36,4.311
1749768886.477135,17:54:46,4.359
1749768896.542809,17:54:56,4.375
1749768906.611977,17:55:06,4.289
1749768916.704711,17:55:16,4.296
1749768926.770502,17:55:26,4.341
1749768936.845348,17:55:36,4.355
1749768946.91128,17:55:46,4.366
1749768956.977055,17:55:56,4.321
1749768967.046636,17:56:07,4.357
1749768977.112235,17:56:17,4.348
1749768987.178139,17:56:27,4.365
1749768997.249535,17:56:37,4.373
1749769007.315225,17:56:47,4.348
1749769017.381243,17:56:57,4.375
1749769027.452332,17:57:07,4.308
1749769037.518177,17:57:17,4.317
1749769047.58404,17:57:27,4.350
1749769057.653673,17:57:37,4.360
1749769067.734513,17:57:47,4.302
1749769077.800505,17:57:57,4.376
1749769087.870509,17:58:07,4.367
1749769098.122374,17:58:18,4.312
1749769108.188113,17:58:28,4.372
1749769118.257802,17:58:38,4.394
1749769128.323583,17:58:48,4.323
1749769138.389405,17:58:58,4.326
1749769148.464972,17:59:08,4.324
1749769158.530903,17:59:18,4.358
1749769168.596821,17:59:28,4.307
1749769178.665652,17:59:38,4.350
1749769188.749741,17:59:48,4.323
1749769198.815326,17:59:58,4.327
1749769208.884675,18:00:08,4.380
1749769218.950608,18:00:18,4.393
1749769229.016459,18:00:29,4.306
1749769239.086104,18:00:39,4.355
1749769249.152014,18:00:49,4.331
1749769259.217725,18:00:59,4.374
1749769269.286903,18:01:09,4.361
1749769279.352761,18:01:19,4.304
1749769289.419022,18:01:29,4.311
1749769299.490252,18:01:39,4.338
1749769309.556033,18:01:49,4.360
1749769319.6218,18:01:59,4.338
1749769329.690447,18:02:09,4.329
1749769339.776395,18:02:19,4.304
1749769349.841893,18:02:29,4.301
1749769359.91192,18:02:39,4.368
1749769369.977717,18:02:49,4.288
1749769380.043446,18:03:00,4.298
1749769390.295374,18:03:10,4.321
1749769400.361102,18:03:20,4.360
1749769410.426765,18:03:30,4.343
1749769420.495485,18:03:40,4.325
1749769430.561298,18:03:50,4.349
1749769440.627232,18:04:00,4.367
1749769450.695613,18:04:10,4.324
1749769460.778121,18:04:20,4.324
1749769470.844195,18:04:30,4.322
1749769480.912728,18:04:40,4.288
1749769490.978415,18:04:50,4.364
1749769501.044118,18:05:01,4.310
1749769511.11431,18:05:11,4.366
1749769521.180023,18:05:21,4.342
1749769531.245902,18:05:31,4.307
1749769541.31682,18:05:41,4.367
1749769551.382806,18:05:51,4.374
1749769561.634452,18:06:01,4.307
1749769571.704093,18:06:11,4.312
1749769581.785424,18:06:21,4.311
1749769591.851122,18:06:31,4.319
1749769601.921028,18:06:41,4.352
1749769611.98677,18:06:51,4.288
1749769622.052945,18:07:02,4.306
1749769632.121384,18:07:12,4.382
1749769642.187054,18:07:22,4.362
1749769652.252688,18:07:32,4.349
1749769662.325089,18:07:42,4.355
1749769672.391297,18:07:52,4.287
1749769682.456941,18:08:02,4.355
1749769692.531029,18:08:12,4.303
1749769702.596844,18:08:22,4.291
1749769712.662652,18:08:32,4.302
1749769722.741683,18:08:42,4.343
1749769732.831736,18:08:52,4.304
1749769743.077468,18:09:03,4.286
1749769753.146296,18:09:13,4.305
1749769763.211993,18:09:23,4.373
1749769773.277782,18:09:33,4.332
1749769783.347126,18:09:43,4.344
1749769793.413189,18:09:53,4.330
1749769803.479028,18:10:03,4.335
1749769813.550462,18:10:13,4.336
1749769823.616144,18:10:23,4.293
1749769833.682029,18:10:33,4.330
1749769843.756232,18:10:43,4.324
1749769853.840726,18:10:53,4.280
1749769863.906437,18:11:03,4.360
1749769873.983466,18:11:13,4.322
1749769884.049084,18:11:24,4.328
1749769894.115156,18:11:34,4.317
1749769904.187186,18:11:44,4.315
1749769914.253331,18:11:54,4.300
1749769924.319392,18:12:04,4.372
1749769934.571377,18:12:14,4.290
1749769944.637367,18:12:24,4.315
1749769954.703005,18:12:34,4.360
1749769964.789325,18:12:44,4.322
1749769974.858879,18:12:54,4.312
1749769984.928129,18:13:04,4.367
1749769994.999509,18:13:14,4.327
1749770005.128895,18:13:25,4.291
1749770015.194667,18:13:35,4.371
1749770025.265503,18:13:45,4.337
1749770035.33121,18:13:55,4.301
1749770045.396918,18:14:05,4.327
1749770055.467381,18:14:15,4.299
1749770065.533019,18:14:25,4.328
1749770075.598907,18:14:35,4.302
1749770085.667911,18:14:45,4.272
1749770095.733701,18:14:55,4.370
1749770105.827144,18:15:05,4.305
1749770115.900073,18:15:15,4.353
1749770125.965596,18:15:25,4.296
1749770136.031487,18:15:36,4.315
1749770146.101952,18:15:46,4.325
1749770156.167667,18:15:56,4.327
1749770166.233457,18:16:06,4.347
1749770176.305529,18:16:16,4.306
1749770186.371134,18:16:26,4.305
1749770196.436949,18:16:36,4.325
1749770206.510743,18:16:46,4.336
1749770216.762358,18:16:56,4.279
1749770226.85286,18:17:06,4.292
1749770236.920976,18:17:16,4.313
1749770246.986724,18:17:26,4.330
1749770257.052622,18:17:37,4.354
1749770267.122582,18:17:47,4.286
1749770277.188302,18:17:57,4.293
1749770287.254038,18:18:07,4.328
1749770297.323623,18:18:17,4.335
1749770307.389391,18:18:27,4.336
1749770317.455227,18:18:37,4.264
1749770327.527483,18:18:47,4.302
1749770337.593465,18:18:57,4.317
1749770347.659215,18:19:07,4.274
1749770357.72783,18:19:17,4.323
1749770367.793847,18:19:27,4.334
1749770377.877792,18:19:37,4.285
1749770387.946839,18:19:47,4.339
1749770398.012696,18:19:58,4.342
1749770408.078381,18:20:08,4.356
1749770418.146467,18:20:18,4.308
1749770428.212576,18:20:28,4.315
1749770438.278237,18:20:38,4.319
1749770448.349063,18:20:48,4.346
1749770458.414888,18:20:58,4.279
1749770468.667356,18:21:08,4.276
1749770478.736024,18:21:18,4.332
1749770488.801737,18:21:28,4.299
1749770498.883553,18:21:38,4.268
1749770508.953365,18:21:48,4.262
1749770519.019454,18:21:59,4.288
1749770529.085174,18:22:09,4.289
1749770539.153651,18:22:19,4.331
1749770549.290358,18:22:29,4.282
1749770559.355968,18:22:39,4.374
1749770569.42676,18:22:49,4.264
1749770579.492561,18:22:59,4.330
1749770589.558595,18:23:09,4.342
1749770599.630109,18:23:19,4.295
1749770609.695796,18:23:29,4.292
1749770619.761516,18:23:39,4.285
1749770629.830286,18:23:49,4.319
1749770639.913117,18:23:59,4.311
1749770649.978864,18:24:09,4.378
1749770660.047329,18:24:20,4.314
1749770670.113328,18:24:30,4.289
1749770680.179278,18:24:40,4.297
1749770690.250699,18:24:50,4.339
1749770700.316394,18:25:00,4.353
1749770710.382498,18:25:10,4.329
1749770720.452621,18:25:20,4.281
1749770730.518536,18:25:30,4.360
1749770740.58484,18:25:40,4.366
1749770750.656673,18:25:50,4.325
1749770760.722352,18:26:00,4.357
1749770770.788192,18:26:10,4.348
1749770780.869452,18:26:20,4.337
1749770790.951339,18:26:30,4.275
1749770801.017485,18:26:41,4.350
1749770811.086731,18:26:51,4.248
1749770821.152662,18:27:01,4.347
1749770831.218591,18:27:11,4.286
1749770841.290764,18:27:21,4.317
1749770851.356631,18:27:31,4.269
1749770861.422655,18:27:41,4.294
1749770871.491281,18:27:51,4.320
1749770881.557342,18:28:01,4.356
1749770891.623309,18:28:11,4.288
1749770901.691286,18:28:21,4.344
1749770911.757392,18:28:31,4.355
1749770921.823289,18:28:41,4.333
1749770931.931862,18:28:51,4.274
1749770941.997498,18:29:01,4.333
1749770952.063405,18:29:12,4.344
1749770962.139154,18:29:22,4.363
1749770972.204991,18:29:32,4.291
1749770982.271188,18:29:42,4.311
1749770992.342896,18:29:52,4.257
1749771002.408686,18:30:02,4.299
1749771012.474555,18:30:12,4.326
1749771022.543377,18:30:22,4.249
1749771032.609277,18:30:32,4.339
1749771042.675331,18:30:42,4.345
1749771052.747299,18:30:52,4.290
1749771062.813071,18:31:02,4.359
1749771072.878941,18:31:12,4.278
1749771082.97531,18:31:22,4.282
1749771093.040886,18:31:33,4.306
1749771103.106575,18:31:43,4.343
1749771113.174607,18:31:53,4.331
1749771123.24117,18:32:03,4.348
1749771133.306931,18:32:13,4.338
1749771143.377102,18:32:23,4.322
1749771153.442859,18:32:33,4.323
1749771163.50873,18:32:43,4.289
1749771173.579098,18:32:53,4.304
1749771183.64511,18:33:03,4.328
1749771193.71084,18:33:13,4.272
1749771203.779392,18:33:23,4.317
1749771213.845406,18:33:33,4.330
1749771223.919851,18:33:43,4.292
1749771234.012906,18:33:54,4.250
1749771244.078615,18:34:04,4.336
1749771254.144531,18:34:14,4.313
1749771264.220124,18:34:24,4.282
1749771274.285824,18:34:34,4.367
1749771284.35179,18:34:44,4.330
1749771294.421992,18:34:54,4.317
1749771304.488157,18:35:04,4.339
1749771314.554082,18:35:14,4.290
1749771324.80639,18:35:24,4.258
1749771334.872487,18:35:34,4.338
1749771345.124395,18:35:45,4.285
1749771355.20115,18:35:55,4.248
1749771365.266984,18:36:05,4.348
1749771375.332802,18:36:15,4.272
1749771385.402198,18:36:25,4.325
1749771395.468184,18:36:35,4.315
1749771405.534064,18:36:45,4.329
1749771415.603229,18:36:55,4.323
1749771425.668879,18:37:05,4.334
1749771435.734783,18:37:15,4.263
1749771445.808405,18:37:25,4.265
1749771455.8744,18:37:35,4.330
1749771465.953009,18:37:45,4.235
1749771476.041966,18:37:56,4.263
1749771486.107844,18:38:06,4.324
1749771496.173383,18:38:16,4.280
1749771506.246559,18:38:26,4.319
1749771516.312389,18:38:36,4.261
1749771526.378155,18:38:46,4.329
1749771536.447959,18:38:56,4.296
1749771546.513872,18:39:06,4.255
1749771556.579541,18:39:16,4.313
1749771566.65064,18:39:26,4.291
1749771576.71633,18:39:36,4.284
1749771586.782114,18:39:46,4.317
1749771596.850695,18:39:56,4.271
1749771606.916512,18:40:06,4.316
1749771617.005853,18:40:17,4.275
1749771627.084183,18:40:27,4.252
1749771637.149818,18:40:37,4.322
1749771647.21556,18:40:47,4.262
1749771657.291762,18:40:57,4.258
1749771667.357592,18:41:07,4.292
1749771677.423635,18:41:17,4.323
1749771687.494372,18:41:27,4.249
1749771697.560218,18:41:37,4.340
1749771707.626129,18:41:47,4.338
1749771717.696072,18:41:57,4.320
1749771727.761737,18:42:07,4.284
1749771737.827689,18:42:17,4.274
1749771747.903607,18:42:27,4.278
1749771757.984715,18:42:37,4.303
1749771768.061829,18:42:48,4.274
1749771778.13021,18:42:58,4.310
1749771788.195823,18:43:08,4.332
1749771798.261639,18:43:18,4.323
1749771808.337454,18:43:28,4.339
1749771818.403043,18:43:38,4.316
1749771828.468719,18:43:48,4.333
1749771838.541002,18:43:58,4.330
1749771848.606844,18:44:08,4.305
1749771858.673081,18:44:18,4.267
1749771868.741457,18:44:28,4.325
1749771878.8072,18:44:38,4.330
1749771888.873326,18:44:48,4.307
1749771898.946231,18:44:58,4.266
1749771909.038398,18:45:09,4.247
1749771919.104314,18:45:19,4.295
1749771929.174127,18:45:29,4.312
1749771939.239862,18:45:39,4.300
1749771949.306021,18:45:49,4.254
1749771959.378283,18:45:59,4.271
1749771969.444078,18:46:09,4.313
1749771979.510109,18:46:19,4.318
1749771989.762369,18:46:29,4.270
1749771999.828327,18:46:39,4.319
1749772009.894305,18:46:49,4.337
1749772019.967131,18:46:59,4.307
1749772030.055582,18:47:10,4.268
1749772040.121218,18:47:20,4.342
1749772050.192376,18:47:30,4.335
1749772060.258597,18:47:40,4.327
1749772070.324453,18:47:50,4.318
1749772080.400025,18:48:00,4.255
1749772090.465747,18:48:10,4.343
1749772100.53178,18:48:20,4.305
1749772110.606008,18:48:30,4.311
1749772120.671937,18:48:40,4.329
1749772130.737673,18:48:50,4.299
1749772140.81258,18:49:00,4.282
1749772150.87834,18:49:10,4.339
1749772160.944372,18:49:20,4.261
1749772171.02712,18:49:31,4.279
1749772181.106082,18:49:41,4.256
1749772191.17172,18:49:51,4.300
1749772201.241911,18:50:01,4.334
1749772211.307945,18:50:11,4.254
1749772221.373547,18:50:21,4.312
1749772231.446333,18:50:31,4.321
1749772241.512036,18:50:41,4.256
1749772251.577806,18:50:51,4.258
1749772261.646892,18:51:01,4.319
1749772271.712864,18:51:11,4.262
1749772281.778596,18:51:21,4.317
1749772291.850522,18:51:31,4.340
1749772301.91644,18:51:41,4.321
1749772311.982314,18:51:51,4.320
1749772322.151495,18:52:02,4.287
1749772332.21722,18:52:12,4.320
1749772342.282971,18:52:22,4.339
1749772352.351823,18:52:32,4.317
1749772362.417507,18:52:42,4.296
1749772372.483363,18:52:52,4.273
1749772382.561378,18:53:02,4.257
1749772392.627465,18:53:12,4.321
1749772402.693099,18:53:22,4.259
1749772412.765782,18:53:32,4.304
1749772422.831677,18:53:42,4.325
1749772432.940493,18:53:52,4.250
1749772443.009791,18:54:03,4.262
1749772453.101421,18:54:13,4.261
1749772463.167289,18:54:23,4.308
1749772473.240888,18:54:33,4.277
1749772483.306479,18:54:43,4.320
1749772493.372177,18:54:53,4.248
1749772503.444366,18:55:03,4.325
1749772513.510277,18:55:13,4.319
1749772523.576143,18:55:23,4.326
1749772533.645283,18:55:33,4.309
1749772543.710883,18:55:43,4.270
1749772553.776618,18:55:53,4.307
1749772563.847298,18:56:03,4.306
1749772573.913106,18:56:13,4.294
1749772584.146065,18:56:24,4.268
1749772594.215308,18:56:34,4.313
1749772604.281273,18:56:44,4.302
1749772614.347357,18:56:54,4.261
1749772624.418287,18:57:04,4.338
1749772634.484508,18:57:14,4.289
1749772644.736357,18:57:24,4.269
1749772654.811801,18:57:34,4.296
1749772664.87752,18:57:44,4.308
1749772674.943552,18:57:54,4.299
1749772685.012669,18:58:05,4.237
1749772695.078577,18:58:15,4.329
1749772705.166947,18:58:25,4.252
1749772715.235841,18:58:35,4.264
1749772725.301734,18:58:45,4.325
1749772735.367613,18:58:55,4.269
1749772745.436875,18:59:05,4.310
1749772755.502511,18:59:15,4.293
1749772765.568613,18:59:25,4.326
1749772775.637813,18:59:35,4.322
1749772785.703773,18:59:45,4.360
1749772795.769428,18:59:55,4.277
1749772805.841072,19:00:05,4.303
1749772815.906849,19:00:15,4.324
1749772825.97254,19:00:25,4.282
1749772836.045977,19:00:36,4.295
1749772846.143675,19:00:46,4.267
1749772856.395452,19:00:56,4.277
1749772866.46488,19:01:06,4.266
1749772876.530704,19:01:16,4.322
1749772886.596435,19:01:26,4.311
1749772896.670287,19:01:36,4.268
1749772906.735908,19:01:46,4.306
1749772916.801729,19:01:56,4.308
1749772926.870962,19:02:06,4.300
1749772936.937001,19:02:16,4.279
1749772947.002587,19:02:27,4.322
1749772957.072152,19:02:37,4.332
1749772967.165147,19:02:47,4.261
1749772977.2311,19:02:57,4.289
1749772987.303117,19:03:07,4.271
1749772997.36896,19:03:17,4.293
1749773007.435042,19:03:27,4.290
1749773017.504446,19:03:37,4.341
1749773027.57041,19:03:47,4.315
1749773037.636043,19:03:57,4.316
1749773047.707279,19:04:07,4.314
1749773057.772908,19:04:17,4.307
1749773067.838581,19:04:27,4.322
1749773077.910625,19:04:37,4.310
1749773087.976485,19:04:47,4.265
1749773098.04235,19:04:58,4.310
1749773108.11144,19:05:08,4.329
1749773118.19315,19:05:18,4.275
1749773128.259042,19:05:28,4.337
1749773138.328728,19:05:38,4.290
1749773148.394359,19:05:48,4.320
1749773158.460092,19:05:58,4.319
1749773168.5287,19:06:08,4.323
1749773178.594695,19:06:18,4.336
1749773188.66059,19:06:28,4.328
1749773198.733019,19:06:38,4.250
1749773208.798842,19:06:48,4.343
1749773218.864598,19:06:58,4.268
1749773228.936365,19:07:08,4.318
1749773239.002094,19:07:19,4.268
1749773249.067767,19:07:29,4.298
1749773259.136784,19:07:39,4.314
1749773269.218866,19:07:49,4.269
1749773279.285013,19:07:59,4.317
1749773289.35415,19:08:09,4.297
1749773299.419869,19:08:19,4.268
1749773309.485988,19:08:29,4.263
1749773319.557127,19:08:39,4.283
1749773329.62543,19:08:49,4.273
1749773339.691225,19:08:59,4.273
1749773349.762128,19:09:09,4.277
1749773359.827995,19:09:19,4.290
1749773369.893838,19:09:29,4.258
1749773379.962912,19:09:39,4.301
1749773390.0294,19:09:50,4.304
1749773400.09515,19:10:00,4.249
1749773410.169871,19:10:10,4.254
1749773420.253426,19:10:20,4.246
1749773430.319241,19:10:30,4.330
1749773440.389202,19:10:40,4.250
1749773450.454844,19:10:50,4.263
1749773460.521054,19:11:00,4.299
1749773470.596326,19:11:10,4.300
1749773480.661997,19:11:20,4.253
1749773490.727943,19:11:30,4.255
1749773500.801044,19:11:40,4.241
1749773510.866675,19:11:50,4.311
1749773520.932515,19:12:00,4.259
1749773531.000488,19:12:11,4.296
1749773541.066088,19:12:21,4.276
1749773551.131798,19:12:31,4.303
1749773561.224097,19:12:41,4.267
1749773571.289816,19:12:51,4.232
1749773581.355474,19:13:01,4.295
1749773591.424655,19:13:11,4.291
1749773601.490685,19:13:21,4.296
1749773611.556703,19:13:31,4.244
1749773621.630091,19:13:41,4.232
1749773631.695757,19:13:51,4.286
1749773641.76339,19:14:01,4.299
1749773651.835262,19:14:11,4.271
1749773661.901171,19:14:21,4.309
1749773671.966972,19:14:31,4.291
1749773682.03566,19:14:42,4.295
1749773692.101898,19:14:52,4.331
1749773702.16788,19:15:02,4.286
1749773712.262974,19:15:12,4.246
1749773722.328674,19:15:22,4.316
1749773732.39475,19:15:32,4.268
1749773742.463884,19:15:42,4.260
1749773752.529835,19:15:52,4.311
1749773762.595515,19:16:02,4.295
1749773772.667103,19:16:12,4.301
1749773782.732991,19:16:22,4.312
1749773792.798647,19:16:32,4.306
1749773802.867116,19:16:42,4.324
1749773812.933009,19:16:52,4.252
1749773822.998971,19:17:02,4.312
1749773833.068804,19:17:13,4.317
1749773843.134563,19:17:23,4.246
1749773853.200592,19:17:33,4.268
1749773863.288301,19:17:43,4.244
1749773873.353965,19:17:53,4.277
1749773883.420026,19:18:03,4.290
1749773893.495583,19:18:13,4.225
1749773903.561241,19:18:23,4.275
1749773913.626922,19:18:33,4.303
1749773923.70278,19:18:43,4.265
1749773933.768556,19:18:53,4.281
1749773943.834367,19:19:03,4.263
1749773953.906014,19:19:13,4.281
1749773963.972503,19:19:23,4.309
1749773974.038583,19:19:34,4.269
1749773984.106615,19:19:44,4.298
1749773994.172366,19:19:54,4.290
1749774004.253311,19:20:04,4.223
1749774014.338834,19:20:14,4.240
1749774024.40463,19:20:24,4.293
1749774034.470849,19:20:34,4.305
1749774044.544315,19:20:44,4.250
1749774054.610214,19:20:54,4.301
1749774064.675969,19:21:04,4.296
1749774074.744574,19:21:14,4.233
1749774084.810366,19:21:24,4.258
1749774094.876341,19:21:34,4.288
1749774104.944915,19:21:44,4.263
1749774115.010688,19:21:55,4.280
1749774125.07638,19:22:05,4.236
1749774135.148349,19:22:15,4.281
1749774145.214223,19:22:25,4.326
1749774155.310175,19:22:35,4.258
1749774165.379255,19:22:45,4.255
1749774175.444833,19:22:55,4.271
1749774185.658645,19:23:05,4.234
1749774195.732708,19:23:15,4.263
1749774205.798584,19:23:25,4.286
1749774215.864254,19:23:35,4.310
1749774225.933267,19:23:45,4.310
1749774235.999118,19:23:55,4.300
1749774246.064994,19:24:06,4.321
1749774256.138088,19:24:16,4.268
1749774266.203866,19:24:26,4.301
1749774276.289199,19:24:36,4.266
1749774286.367364,19:24:46,4.244
1749774296.43307,19:24:56,4.240
1749774306.498946,19:25:06,4.259
1749774316.568035,19:25:16,4.286
1749774326.63443,19:25:26,4.293
1749774336.700033,19:25:36,4.302
1749774346.769077,19:25:46,4.249
1749774356.835126,19:25:56,4.302
1749774366.901145,19:26:06,4.300
1749774376.973946,19:26:16,4.222
1749774387.039901,19:26:27,4.297
1749774397.105715,19:26:37,4.280
1749774407.175646,19:26:47,4.266
1749774417.24134,19:26:57,4.237
1749774427.333848,19:27:07,4.237
1749774437.402739,19:27:17,4.280
1749774447.468374,19:27:27,4.315
1749774457.534186,19:27:37,4.249
1749774467.610114,19:27:47,4.255
1749774477.676085,19:27:57,4.297
1749774487.741889,19:28:07,4.304
1749774497.812828,19:28:17,4.322
1749774507.878565,19:28:27,4.312
1749774517.944383,19:28:37,4.294
1749774528.013942,19:28:48,4.304
1749774538.079748,19:28:58,4.234
1749774548.145622,19:29:08,4.263
1749774558.218793,19:29:18,4.234
1749774568.284741,19:29:28,4.248
1749774578.36638,19:29:38,4.248
1749774588.43838,19:29:48,4.258
1749774598.504196,19:29:58,4.264
1749774608.569879,19:30:08,4.283
1749774618.639891,19:30:18,4.298
1749774628.705642,19:30:28,4.305
1749774638.77133,19:30:38,4.297
1749774648.842453,19:30:48,4.212
1749774658.908835,19:30:58,4.293
1749774668.974865,19:31:08,4.296
1749774679.043071,19:31:19,4.266
1749774689.108788,19:31:29,4.256
1749774699.174285,19:31:39,4.227
1749774709.243314,19:31:49,4.221
1749774719.321469,19:31:59,4.240
1749774729.402928,19:32:09,4.239
1749774739.471709,19:32:19,4.295
1749774749.537311,19:32:29,4.240
1749774759.603729,19:32:39,4.254
1749774769.674297,19:32:49,4.275
1749774779.74027,19:32:59,4.258
1749774789.806106,19:33:09,4.294
1749774799.878517,19:33:19,4.257
1749774809.944209,19:33:29,4.297
1749774820.010095,19:33:40,4.272
1749774830.078924,19:33:50,4.239
1749774840.144728,19:34:00,4.319
1749774850.39647,19:34:10,4.242
1749774860.472168,19:34:20,4.258
1749774870.5378,19:34:30,4.311
1749774880.60396,19:34:40,4.284
1749774890.674282,19:34:50,4.295
1749774900.740218,19:35:00,4.289
1749774910.806005,19:35:10,4.281
1749774920.875535,19:35:20,4.294
1749774930.941151,19:35:30,4.300
1749774941.006984,19:35:41,4.302
1749774951.076296,19:35:51,4.304
1749774961.142123,19:36:01,4.230
1749774971.208122,19:36:11,4.271
1749774981.277616,19:36:21,4.276
1749774991.355589,19:36:31,4.246
1749775001.433442,19:36:41,4.241
1749775011.502561,19:36:51,4.287
1749775021.568739,19:37:01,4.253
1749775031.634769,19:37:11,4.283
1749775041.704293,19:37:21,4.258
1749775051.770307,19:37:31,4.286
1749775061.836064,19:37:41,4.289
1749775071.904264,19:37:51,4.310
1749775081.970818,19:38:01,4.289
1749775092.036796,19:38:12,4.252
1749775102.105947,19:38:22,4.276
1749775112.172001,19:38:32,4.278
1749775122.237744,19:38:42,4.302
1749775132.315423,19:38:52,4.231
1749775142.408985,19:39:02,4.244
1749775152.47481,19:39:12,4.278
1749775162.543415,19:39:22,4.288
1749775172.795364,19:39:32,4.253
1749775182.86192,19:39:42,4.296
1749775192.931466,19:39:52,4.228
1749775202.997346,19:40:02,4.292
1749775213.063239,19:40:13,4.302
1749775223.134783,19:40:23,4.224
1749775233.200609,19:40:33,4.281
1749775243.26635,19:40:43,4.250
1749775253.335254,19:40:53,4.295
1749775263.432822,19:41:03,4.237
1749775273.498486,19:41:13,4.307
1749775283.566858,19:41:23,4.280
1749775293.632645,19:41:33,4.284
1749775303.698478,19:41:43,4.300
1749775313.768235,19:41:53,4.251
1749775323.834456,19:42:03,4.302
1749775333.900227,19:42:13,4.291
1749775343.972711,19:42:23,4.260
1749775354.038444,19:42:34,4.307
1749775364.104193,19:42:44,4.249
1749775374.1721,19:42:54,4.284
1749775384.238156,19:43:04,4.288
1749775394.304038,19:43:14,4.298
1749775404.372238,19:43:24,4.235
1749775414.454757,19:43:34,4.233
1749775424.520465,19:43:44,4.303
1749775434.589876,19:43:54,4.319
1749775444.65569,19:44:04,4.309
1749775454.721535,19:44:14,4.313
1749775464.793504,19:44:24,4.223
1749775474.859066,19:44:34,4.234
1749775484.924791,19:44:44,4.313
1749775495.000571,19:44:55,4.235
1749775505.066448,19:45:05,4.277
1749775515.13226,19:45:15,4.314
1749775525.207435,19:45:25,4.327
1749775535.272953,19:45:35,4.253
1749775545.338999,19:45:45,4.245
1749775555.42159,19:45:55,4.235
1749775565.500693,19:46:05,4.242
1749775575.566467,19:46:15,4.245
1749775585.640532,19:46:25,4.252
1749775595.706084,19:46:35,4.293
1749775605.772154,19:46:45,4.316
1749775615.844897,19:46:55,4.227
1749775625.910795,19:47:05,4.288
1749775635.976858,19:47:15,4.301
1749775646.172312,19:47:26,4.226
1749775656.238261,19:47:36,4.298
1749775666.304079,19:47:46,4.253
1749775676.372968,19:47:56,4.267
1749775686.46031,19:48:06,4.250
1749775696.525922,19:48:16,4.298
1749775706.594188,19:48:26,4.267
1749775716.660337,19:48:36,4.237
1749775726.726011,19:48:46,4.303
1749775736.796937,19:48:56,4.285
1749775746.862953,19:49:06,4.315
1749775756.928778,19:49:16,4.223
1749775766.998632,19:49:26,4.302
1749775777.064647,19:49:37,4.297
1749775787.130374,19:49:47,4.243
1749775797.199012,19:49:57,4.266
1749775807.264701,19:50:07,4.301
1749775817.330615,19:50:17,4.298
1749775827.402385,19:50:27,4.217
1749775837.496305,19:50:37,4.243
1749775847.561963,19:50:47,4.318
1749775857.635208,19:50:57,4.301
1749775867.701945,19:51:07,4.239
1749775877.76779,19:51:17,4.296
1749775887.837689,19:51:27,4.228
1749775897.903389,19:51:37,4.308
1749775907.969135,19:51:47,4.251
1749775918.039382,19:51:58,4.288
1749775928.105363,19:52:08,4.288
1749775938.171097,19:52:18,4.280
1749775948.241488,19:52:28,4.263
1749775958.473,19:52:38,4.239
1749775968.558896,19:52:48,4.240
1749775978.63345,19:52:58,4.225
1749775988.701048,19:53:08,4.232
1749775998.767641,19:53:18,4.252
1749776009.019384,19:53:29,4.249
1749776019.08504,19:53:39,4.284
1749776029.337386,19:53:49,4.240
1749776039.407664,19:53:59,4.227
1749776049.473862,19:54:09,4.285
1749776059.555707,19:54:19,4.228
1749776069.624693,19:54:29,4.251
1749776079.69049,19:54:39,4.254
1749776089.756741,19:54:49,4.289
1749776099.825524,19:54:59,4.203
1749776109.891454,19:55:09,4.280
1749776119.95742,19:55:19,4.301
1749776130.028874,19:55:30,4.280
1749776140.094785,19:55:40,4.287
1749776150.160723,19:55:50,4.241
1749776160.2326,19:56:00,4.227
1749776170.298529,19:56:10,4.284
1749776180.364649,19:56:20,4.250
1749776190.433023,19:56:30,4.278
1749776200.498847,19:56:40,4.284
1749776210.581187,19:56:50,4.222
1749776220.649784,19:57:00,4.295
1749776230.715847,19:57:10,4.291
1749776240.78157,19:57:20,4.262
1749776250.856263,19:57:30,4.262
1749776260.921943,19:57:40,4.303
1749776270.987983,19:57:50,4.292
1749776281.057531,19:58:01,4.285
1749776291.123763,19:58:11,4.264
1749776301.189494,19:58:21,4.289
1749776311.260664,19:58:31,4.256
1749776321.326462,19:58:41,4.266
1749776331.578454,19:58:51,4.214
1749776341.830362,19:59:01,4.220
1749776351.896097,19:59:11,4.285
1749776361.962014,19:59:21,4.302
1749776372.034184,19:59:32,4.255
1749776382.099889,19:59:42,4.290
1749776392.165673,19:59:52,4.231
1749776402.236178,20:00:02,4.269
1749776412.301943,20:00:12,4.244
1749776422.367774,20:00:22,4.237
1749776432.436485,20:00:32,4.257
1749776442.50244,20:00:42,4.229
1749776452.597384,20:00:52,4.223
1749776462.666747,20:01:02,4.282
1749776472.732659,20:01:12,4.266
1749776482.798423,20:01:22,4.223
1749776492.872435,20:01:32,4.276
1749776502.938304,20:01:42,4.283
1749776513.004356,20:01:53,4.296
1749776523.076619,20:02:03,4.279
1749776533.14241,20:02:13,4.265
1749776543.208377,20:02:23,4.284
1749776553.277888,20:02:33,4.213
1749776563.343881,20:02:43,4.279
1749776573.40969,20:02:53,4.233
1749776583.478896,20:03:03,4.255
1749776593.544905,20:03:13,4.256
1749776603.628057,20:03:23,4.228
1749776613.69838,20:03:33,4.296
1749776623.764105,20:03:43,4.264
1749776633.830231,20:03:53,4.209
1749776643.899118,20:04:03,4.270
1749776653.965267,20:04:13,4.268
1749776664.031012,20:04:24,4.223
1749776674.101694,20:04:34,4.262
1749776684.167547,20:04:44,4.219
1749776694.233725,20:04:54,4.216
1749776704.302209,20:05:04,4.195
1749776714.367932,20:05:14,4.255
1749776724.433884,20:05:24,4.284
1749776734.501985,20:05:34,4.276
1749776744.579642,20:05:44,4.255
1749776754.761472,20:05:54,4.230
1749776764.836019,20:06:04,4.239
1749776774.901702,20:06:14,4.288
1749776784.967431,20:06:24,4.222
1749776795.036244,20:06:35,4.239
1749776805.102112,20:06:45,4.273
1749776815.16786,20:06:55,4.264
1749776825.238341,20:07:05,4.286
1749776835.304454,20:07:15,4.215
1749776845.3701,20:07:25,4.278
1749776855.438624,20:07:35,4.263
1749776865.504271,20:07:45,4.219
1749776875.570235,20:07:55,4.270
1749776885.652081,20:08:05,4.215
1749776895.718045,20:08:15,4.266
1749776905.784418,20:08:25,4.258
1749776915.852793,20:08:35,4.247
1749776925.918434,20:08:45,4.250
1749776935.9843,20:08:55,4.245
1749776946.055881,20:09:06,4.291
1749776956.121846,20:09:16,4.223
1749776966.188124,20:09:26,4.254
1749776976.256911,20:09:36,4.288
1749776986.322849,20:09:46,4.287
1749776996.389002,20:09:56,4.193
1749777006.457366,20:10:06,4.238
1749777016.52314,20:10:16,4.238
1749777026.588753,20:10:26,4.253
1749777036.681007,20:10:36,4.206
1749777046.74663,20:10:46,4.202
1749777056.812774,20:10:56,4.241
1749777066.882102,20:11:06,4.244
1749777076.947814,20:11:16,4.266
1749777087.013798,20:11:27,4.209
1749777097.081706,20:11:37,4.269
1749777107.14757,20:11:47,4.205
1749777117.21324,20:11:57,4.242
1749777127.288972,20:12:07,4.253
1749777137.354767,20:12:17,4.256
1749777147.420485,20:12:27,4.217
1749777157.489551,20:12:37,4.275
1749777167.555481,20:12:47,4.252
1749777177.629478,20:12:57,4.252
1749777187.716446,20:13:07,4.200
1749777197.782065,20:13:17,4.268
1749777207.847769,20:13:27,4.274
1749777217.923507,20:13:37,4.260
1749777227.989386,20:13:47,4.253
1749777238.055321,20:13:58,4.282
1749777248.123843,20:14:08,4.203
1749777258.189716,20:14:18,4.255
1749777268.255346,20:14:28,4.205
1749777278.327981,20:14:38,4.219
1749777288.393737,20:14:48,4.236
1749777298.459749,20:14:58,4.240
1749777308.528457,20:15:08,4.234
1749777318.594294,20:15:18,4.236
1749777328.692391,20:15:28,4.181
1749777338.761818,20:15:38,4.243
1749777348.827504,20:15:48,4.206
1749777358.893152,20:15:58,4.198
1749777368.963117,20:16:08,4.239
1749777379.02886,20:16:19,4.229
1749777389.094779,20:16:29,4.188
1749777399.165526,20:16:39,4.234
1749777409.232046,20:16:49,4.216
1749777419.298079,20:16:59,4.275
1749777429.370529,20:17:09,4.261
1749777439.436305,20:17:19,4.246
1749777449.502287,20:17:29,4.220
1749777459.570181,20:17:39,4.198
1749777469.636571,20:17:49,4.277
1749777479.728211,20:17:59,4.193
1749777489.797229,20:18:09,4.256
1749777499.86309,20:18:19,4.215
1749777509.928928,20:18:29,4.217
1749777520.002161,20:18:40,4.252
1749777530.067801,20:18:50,4.239
1749777540.133932,20:19:00,4.250
1749777550.209974,20:19:10,4.211
1749777560.275745,20:19:20,4.222
1749777570.341597,20:19:30,4.279
1749777580.416025,20:19:40,4.239
1749777590.48184,20:19:50,4.210
1749777600.547655,20:20:00,4.211
1749777610.619795,20:20:10,4.212
1749777620.694511,20:20:20,4.245
1749777630.777071,20:20:30,4.200
1749777640.848672,20:20:40,4.237
1749777650.914737,20:20:50,4.208
1749777660.980526,20:21:00,4.225
1749777671.049681,20:21:11,4.261
1749777681.115624,20:21:21,4.243
1749777691.181542,20:21:31,4.210
1749777701.254927,20:21:41,4.174
1749777711.320547,20:21:51,4.243
1749777721.386199,20:22:01,4.245
1749777731.455057,20:22:11,4.253
1749777741.520745,20:22:21,4.187
1749777751.586534,20:22:31,4.261
1749777761.660373,20:22:41,4.247
1749777771.760089,20:22:51,4.198
1749777781.825995,20:23:01,4.246
1749777791.898081,20:23:11,4.245
1749777801.964144,20:23:21,4.244
1749777812.029896,20:23:32,4.214
1749777822.10333,20:23:42,4.220
1749777832.169244,20:23:52,4.187
1749777842.235196,20:24:02,4.204
1749777852.303981,20:24:12,4.241
1749777862.369947,20:24:22,4.262
1749777872.435639,20:24:32,4.241
1749777882.509167,20:24:42,4.202
1749777892.575125,20:24:52,4.264
1749777902.64109,20:25:02,4.242
1749777912.709656,20:25:12,4.237
1749777922.792907,20:25:22,4.176
1749777932.858529,20:25:32,4.258
1749777942.932334,20:25:42,4.260
1749777952.998208,20:25:52,4.207
1749777963.063922,20:26:03,4.270
1749777973.13693,20:26:13,4.267
1749777983.202678,20:26:23,4.238
1749777993.268563,20:26:33,4.256
1749778003.337478,20:26:43,4.177
1749778013.403381,20:26:53,4.197
1749778023.469168,20:27:03,4.258
1749778033.540922,20:27:13,4.268
1749778043.606592,20:27:23,4.207
1749778053.672803,20:27:33,4.248
1749778063.741605,20:27:43,4.238
1749778073.825715,20:27:53,4.190
1749778083.891541,20:28:03,4.226
1749778093.967177,20:28:13,4.245
1749778104.032795,20:28:24,4.264
1749778114.098577,20:28:34,4.188
1749778124.169134,20:28:44,4.264
1749778134.234883,20:28:54,4.243
1749778144.301578,20:29:04,4.208
1749778154.372858,20:29:14,4.238
1749778164.438691,20:29:24,4.235
1749778174.504425,20:29:34,4.237
1749778184.756369,20:29:44,4.202
1749778194.839985,20:29:54,4.192
1749778204.905608,20:30:04,4.249
1749778214.977123,20:30:14,4.224
1749778225.042744,20:30:25,4.220
1749778235.108444,20:30:35,4.237
1749778245.177392,20:30:45,4.207
1749778255.243297,20:30:55,4.228
1749778265.309212,20:31:05,4.228
1749778275.378502,20:31:15,4.242
1749778285.444322,20:31:25,4.266
1749778295.51012,20:31:35,4.201
1749778305.578214,20:31:45,4.230
1749778315.644209,20:31:55,4.198
1749778325.709924,20:32:05,4.216
1749778335.785331,20:32:15,4.204
1749778345.867476,20:32:25,4.206
1749778355.933237,20:32:35,4.248
1749778366.002398,20:32:46,4.234
1749778376.06805,20:32:56,4.241
1749778386.134319,20:33:06,4.248
1749778396.205093,20:33:16,4.259
1749778406.270887,20:33:26,4.243
1749778416.336558,20:33:36,4.169
1749778426.406712,20:33:46,4.205
1749778436.472334,20:33:56,4.190
1749778446.538898,20:34:06,4.215
1749778456.613382,20:34:16,4.191
1749778466.679252,20:34:26,4.276
1749778476.745477,20:34:36,4.238
1749778486.845651,20:34:46,4.161
1749778496.911262,20:34:56,4.130
1749778506.977205,20:35:06,4.251
1749778517.04597,20:35:17,4.185
1749778527.111977,20:35:27,4.249
1749778537.178077,20:35:37,4.229
1749778547.430366,20:35:47,4.191
1749778557.496465,20:35:57,4.246
1749778567.562656,20:36:07,4.238
1749778577.630825,20:36:17,4.219
1749778587.696585,20:36:27,4.197
1749778597.762646,20:36:37,4.192
1749778607.868884,20:36:47,4.156
1749778617.934755,20:36:57,4.181
1749778628.000505,20:37:08,4.255
1749778638.076432,20:37:18,4.261
1749778648.142184,20:37:28,4.200
1749778658.208096,20:37:38,4.251
1749778668.277906,20:37:48,4.239
1749778678.343676,20:37:58,4.214
1749778688.409728,20:38:08,4.179
1749778698.480519,20:38:18,4.212
1749778708.546473,20:38:28,4.190
1749778718.612312,20:38:38,4.219
1749778728.684063,20:38:48,4.215
1749778738.749789,20:38:58,4.270
1749778748.815808,20:39:08,4.203
1749778758.907094,20:39:18,4.204
1749778768.972997,20:39:28,4.249
1749778779.038616,20:39:39,4.250
1749778789.10768,20:39:49,4.177
1749778799.173436,20:39:59,4.250
1749778809.42538,20:40:09,4.200
1749778819.494053,20:40:19,4.245
1749778829.559914,20:40:29,4.226
1749778839.625634,20:40:39,4.246
1749778849.695724,20:40:49,4.162
1749778859.94736,20:40:59,4.108
1749778870.013485,20:41:10,4.234
1749778880.082639,20:41:20,4.223
1749778890.14863,20:41:30,4.222
1749778900.214515,20:41:40,4.238
1749778910.288021,20:41:50,4.247
1749778920.353973,20:42:00,4.226
1749778930.419787,20:42:10,4.231
1749778940.671372,20:42:20,4.189
1749778950.737325,20:42:30,4.208
1749778960.803142,20:42:40,4.222
1749778970.878043,20:42:50,4.221
1749778980.961133,20:43:00,4.186
1749778991.027493,20:43:11,4.192
1749779001.099996,20:43:21,4.167
1749779011.352377,20:43:31,4.198
1749779021.418241,20:43:41,4.219
1749779031.487924,20:43:51,4.191
1749779041.553519,20:44:01,4.216
1749779051.619616,20:44:11,4.225
1749779061.695156,20:44:21,4.245
1749779071.760709,20:44:31,4.214
1749779081.826492,20:44:41,4.228
1749779091.915016,20:44:51,4.165
1749779101.98092,20:45:01,4.175
1749779112.046643,20:45:12,4.233
1749779122.119072,20:45:22,4.231
1749779132.184694,20:45:32,4.214
1749779142.25084,20:45:42,4.194
1749779152.321459,20:45:52,4.233
1749779162.387397,20:46:02,4.236
1749779172.453105,20:46:12,4.184
1749779182.523503,20:46:22,4.254
1749779192.589093,20:46:32,4.232
1749779202.654756,20:46:42,4.173
1749779212.730722,20:46:52,4.212
1749779222.796519,20:47:02,4.205
1749779232.862593,20:47:12,4.204
1749779242.961777,20:47:22,4.178
1749779253.027823,20:47:33,4.165
1749779263.093477,20:47:43,4.219
1749779273.164739,20:47:53,4.176
1749779283.230563,20:48:03,4.242
1749779293.296392,20:48:13,4.205
1749779303.367852,20:48:23,4.219
1749779313.433644,20:48:33,4.245
1749779323.499466,20:48:43,4.255
1749779333.568708,20:48:53,4.193
1749779343.634454,20:49:03,4.227
1749779353.700557,20:49:13,4.239
1749779363.769922,20:49:23,4.214
1749779373.835782,20:49:33,4.245
1749779383.901409,20:49:43,4.239
1749779393.98752,20:49:53,4.176
1749779404.053363,20:50:04,4.252
1749779414.119506,20:50:14,4.254
1749779424.190113,20:50:24,4.261
1749779434.255857,20:50:34,4.243
1749779444.321825,20:50:44,4.214
1749779454.392927,20:50:54,4.178
1749779464.458863,20:51:04,4.259
1749779474.524957,20:51:14,4.244
1749779484.594048,20:51:24,4.231
1749779494.659942,20:51:34,4.240
1749779504.725583,20:51:44,4.240
1749779514.794598,20:51:54,4.246
1749779524.860412,20:52:04,4.252
1749779534.926201,20:52:14,4.244
1749779545.022136,20:52:25,4.173
1749779555.087832,20:52:35,4.205
1749779565.154251,20:52:45,4.206
1749779575.225635,20:52:55,4.227
1749779585.291337,20:53:05,4.185
1749779595.357273,20:53:15,4.214
1749779605.427095,20:53:25,4.227
1749779615.492877,20:53:35,4.194
1749779625.558461,20:53:45,4.178
1749779635.629746,20:53:55,4.232
1749779645.695393,20:54:05,4.234
1749779655.761227,20:54:15,4.219
1749779665.832934,20:54:25,4.200
1749779675.898653,20:54:35,4.243
1749779685.980042,20:54:45,4.193
1749779696.063759,20:54:56,4.197
1749779706.129495,20:55:06,4.231
1749779716.195441,20:55:16,4.236
1749779726.270654,20:55:26,4.254
1749779736.336604,20:55:36,4.218
1749779746.402315,20:55:46,4.223
1749779756.472893,20:55:56,4.224
1749779766.538972,20:56:06,4.186
1749779776.604815,20:56:16,4.250
1749779786.674806,20:56:26,4.251
1749779796.740419,20:56:36,4.237
1749779806.806129,20:56:46,4.175
1749779816.874783,20:56:56,4.239
1749779826.940702,20:57:06,4.249
1749779837.033677,20:57:17,4.162
1749779847.10627,20:57:27,4.257
1749779857.171989,20:57:37,4.192
1749779867.237918,20:57:47,4.240
1749779877.309918,20:57:57,4.222
1749779887.375698,20:58:07,4.258
1749779897.627399,20:58:17,4.194
1749779907.697402,20:58:27,4.211
1749779917.763349,20:58:37,4.224
1749779927.828981,20:58:47,4.200
1749779937.900007,20:58:57,4.245
1749779947.965917,20:59:07,4.233
1749779958.057889,20:59:18,4.184
1749779968.12727,20:59:28,4.239
1749779978.193343,20:59:38,4.232
1749779988.259065,20:59:48,4.197
1749779998.32806,20:59:58,4.153
1749780008.394031,21:00:08,4.216
1749780018.459805,21:00:18,4.244
1749780028.52807,21:00:28,4.166
1749780038.593747,21:00:38,4.238
1749780048.65973,21:00:48,4.236
1749780058.804425,21:00:58,4.165
1749780068.87037,21:01:08,4.236
1749780078.936149,21:01:18,4.147
1749780089.012078,21:01:29,4.231
1749780099.094542,21:01:39,4.155
1749780109.160182,21:01:49,4.242
1749780119.230667,21:01:59,4.258
1749780129.296693,21:02:09,4.228
1749780139.362509,21:02:19,4.185
1749780149.439666,21:02:29,4.214
1749780159.505287,21:02:39,4.189
1749780169.571279,21:02:49,4.185
1749780179.642194,21:02:59,4.218
1749780189.708079,21:03:09,4.222
1749780199.77368,21:03:19,4.208
1749780209.843875,21:03:29,4.236
1749780219.909787,21:03:39,4.247
1749780229.976881,21:03:49,4.235
1749780240.074232,21:04:00,4.171
1749780250.139996,21:04:10,4.249
1749780260.206073,21:04:20,4.241
1749780270.2782,21:04:30,4.180
1749780280.34383,21:04:40,4.242
1749780290.409583,21:04:50,4.180
1749780300.479634,21:05:00,4.232
1749780310.545455,21:05:10,4.202
1749780320.611053,21:05:20,4.238
1749780330.68213,21:05:30,4.207
1749780340.747848,21:05:40,4.164
1749780350.968408,21:05:50,4.146
1749780361.038678,21:06:01,4.210
1749780371.121897,21:06:11,4.161
1749780381.187714,21:06:21,4.199
1749780391.256481,21:06:31,4.179
1749780401.470289,21:06:41,4.168
1749780411.535991,21:06:51,4.149
1749780421.608685,21:07:01,4.186
1749780431.674454,21:07:11,4.215
1749780441.739999,21:07:21,4.181
1749780451.8104,21:07:31,4.202
1749780461.876328,21:07:41,4.222
1749780471.942102,21:07:51,4.196
1749780482.017883,21:08:02,4.181
1749780492.111422,21:08:12,4.137
1749780502.177125,21:08:22,4.259
1749780512.245938,21:08:32,4.246
1749780522.311641,21:08:42,4.242
1749780532.377402,21:08:52,4.208
1749780542.445938,21:09:02,4.234
1749780552.511911,21:09:12,4.213
1749780562.577669,21:09:22,4.230
1749780572.649115,21:09:32,4.151
1749780582.715179,21:09:42,4.181
1749780592.781284,21:09:52,4.241
1749780602.850664,21:10:02,4.160
1749780612.916398,21:10:12,4.240
1749780622.982319,21:10:22,4.220
1749780633.050525,21:10:33,4.184
1749780643.140622,21:10:43,4.167
1749780653.206527,21:10:53,4.205
1749780663.280197,21:11:03,4.156
1749780673.346259,21:11:13,4.227
1749780683.412039,21:11:23,4.214
1749780693.481045,21:11:33,4.184
1749780703.546925,21:11:43,4.221
1749780713.612771,21:11:53,4.221
1749780723.684104,21:12:03,4.241
1749780733.749915,21:12:13,4.228
1749780743.816069,21:12:23,4.237
1749780753.887098,21:12:33,4.228
1749780763.952784,21:12:43,4.226
1749780774.019178,21:12:54,4.228
1749780784.088244,21:13:04,4.210
1749780794.169393,21:13:14,4.144
1749780804.235489,21:13:24,4.172
1749780814.30532,21:13:34,4.156
1749780824.370876,21:13:44,4.214
1749780834.43678,21:13:54,4.244
1749780844.507792,21:14:04,4.238
1749780854.573501,21:14:14,4.214
1749780864.639236,21:14:24,4.219
1749780874.709478,21:14:34,4.217
1749780884.775476,21:14:44,4.231
1749780894.841333,21:14:54,4.199
1749780904.916553,21:15:04,4.202
1749780914.982378,21:15:14,4.227
1749780925.048044,21:15:25,4.153
1749780935.11952,21:15:35,4.156
1749780945.20138,21:15:45,4.162
1749780955.267005,21:15:55,4.231
1749780965.340701,21:16:05,4.206
1749780975.406739,21:16:15,4.166
1749780985.47248,21:16:25,4.221
1749780995.545813,21:16:35,4.221
1749781005.611698,21:16:45,4.162
1749781015.677397,21:16:55,4.214
1749781025.748343,21:17:05,4.216
1749781035.81417,21:17:15,4.155
1749781045.879987,21:17:25,4.222
1749781055.948122,21:17:35,4.229
1749781066.013786,21:17:46,4.169
1749781076.079603,21:17:56,4.203
1749781086.155525,21:18:06,4.157
1749781096.243494,21:18:16,4.164
1749781106.30928,21:18:26,4.204
1749781116.381626,21:18:36,4.210
1749781126.447394,21:18:46,4.216
1749781136.513157,21:18:56,4.203
1749781146.582665,21:19:06,4.160
1749781156.648663,21:19:16,4.159
1749781166.714586,21:19:26,4.221
1749781176.78659,21:19:36,4.163
1749781186.852252,21:19:46,4.207
1749781196.917908,21:19:56,4.233
1749781206.987282,21:20:06,4.215
1749781217.052924,21:20:17,4.170
1749781227.118707,21:20:27,4.225
1749781237.211149,21:20:37,4.170
1749781247.276804,21:20:47,4.185
1749781257.342798,21:20:57,4.220
1749781267.411639,21:21:07,4.213
1749781277.477387,21:21:17,4.219
1749781287.543375,21:21:27,4.147
1749781297.614779,21:21:37,4.143
1749781307.680824,21:21:47,4.227
1749781317.746472,21:21:57,4.147
1749781327.814541,21:22:07,4.189
1749781337.880469,21:22:17,4.186
1749781347.946195,21:22:27,4.200
1749781358.018817,21:22:38,4.138
1749781368.270351,21:22:48,4.152
1749781378.335986,21:22:58,4.207
1749781388.404945,21:23:08,4.147
1749781398.470749,21:23:18,4.196
1749781408.536514,21:23:28,4.156
1749781418.60697,21:23:38,4.181
1749781428.672803,21:23:48,4.192
1749781438.73851,21:23:58,4.166
1749781448.809905,21:24:08,4.162
1749781458.875752,21:24:18,4.134
1749781468.941626,21:24:28,4.184
1749781479.010969,21:24:39,4.206
1749781489.076543,21:24:49,4.189
1749781499.142634,21:24:59,4.207
1749781509.228034,21:25:09,4.135
1749781519.304304,21:25:19,4.145
1749781529.370324,21:25:29,4.222
1749781539.4387,21:25:39,4.138
1749781549.504601,21:25:49,4.200
1749781559.570112,21:25:59,4.174
1749781569.642357,21:26:09,4.195
1749781579.71001,21:26:19,4.216
1749781589.775653,21:26:29,4.221
1749781599.849542,21:26:39,4.162
1749781609.915263,21:26:49,4.216
1749781619.980934,21:26:59,4.142
1749781630.056652,21:27:10,4.171
1749781640.122451,21:27:20,4.182
1749781650.274275,21:27:30,4.148
1749781660.343255,21:27:40,4.215
1749781670.408876,21:27:50,4.139
1749781680.474602,21:28:00,4.180
1749781690.546634,21:28:10,4.188
1749781700.612355,21:28:20,4.138
1749781710.678244,21:28:30,4.174
1749781720.74777,21:28:40,4.184
1749781730.813354,21:28:50,4.199
1749781740.879291,21:29:00,4.154
1749781750.949801,21:29:10,4.179
1749781761.015639,21:29:21,4.202
1749781771.081216,21:29:31,4.200
1749781781.151766,21:29:41,4.228
1749781791.218098,21:29:51,4.201
1749781801.470386,21:30:01,4.167
1749781811.709266,21:30:11,4.145
1749781821.775003,21:30:21,4.137
1749781831.840994,21:30:31,4.182
1749781841.911499,21:30:41,4.168
1749781851.97724,21:30:51,4.150
1749781862.04294,21:31:02,4.188
1749781872.11248,21:31:12,4.159
1749781882.17846,21:31:22,4.128
1749781892.244163,21:31:32,4.147
1749781902.329996,21:31:42,4.133
1749781912.395625,21:31:52,4.190
1749781922.647463,21:32:02,4.152
1749781932.717012,21:32:12,4.134
1749781942.782829,21:32:22,4.188
1749781952.848771,21:32:32,4.191
1749781962.920256,21:32:42,4.162
1749781972.985956,21:32:52,4.179
1749781983.051747,21:33:03,4.197
1749781993.121167,21:33:13,4.195
1749782003.187371,21:33:23,4.197
1749782013.253348,21:33:33,4.224
1749782023.347119,21:33:43,4.151
1749782033.412892,21:33:53,4.166
1749782043.478648,21:34:03,4.184
1749782053.553271,21:34:13,4.225
1749782063.618961,21:34:23,4.214
1749782073.685192,21:34:33,4.209
1749782083.755821,21:34:43,4.182
1749782093.82154,21:34:53,4.164
1749782103.887704,21:35:03,4.195
1749782113.959368,21:35:13,4.178
1749782124.025077,21:35:24,4.210
1749782134.091294,21:35:34,4.173
1749782144.163725,21:35:44,4.191
1749782154.229564,21:35:54,4.206
1749782164.409074,21:36:04,4.144
1749782174.483608,21:36:14,4.122
1749782184.549715,21:36:24,4.194
1749782194.615453,21:36:34,4.143
1749782204.684446,21:36:44,4.181
1749782214.750334,21:36:54,4.179
1749782224.81626,21:37:04,4.139
1749782234.887814,21:37:14,4.131
1749782244.953414,21:37:24,4.179
1749782255.205465,21:37:35,4.143
1749782265.275181,21:37:45,4.136
1749782275.362311,21:37:55,4.131
1749782285.428214,21:38:05,4.214
1749782295.500411,21:38:15,4.208
1749782305.695222,21:38:25,4.139
1749782315.761171,21:38:35,4.139
1749782325.834205,21:38:45,4.154
1749782335.900032,21:38:55,4.204
1749782345.965669,21:39:05,4.156
1749782356.036065,21:39:16,4.176
1749782366.101759,21:39:26,4.184
1749782376.167523,21:39:36,4.149
1749782386.243383,21:39:46,4.156
1749782396.30897,21:39:56,4.202
1749782406.390243,21:40:06,4.158
1749782416.460167,21:40:16,4.214
1749782426.525743,21:40:26,4.147
1749782436.591614,21:40:36,4.200
1749782446.661415,21:40:46,4.179
1749782456.727218,21:40:56,4.171
1749782466.792884,21:41:06,4.171
1749782476.864476,21:41:16,4.191
1749782486.930298,21:41:26,4.161
1749782496.996376,21:41:36,4.131
1749782507.068657,21:41:47,4.167
1749782517.135156,21:41:57,4.186
1749782527.201298,21:42:07,4.171
1749782537.272798,21:42:17,4.159
1749782547.345448,21:42:27,4.160
1749782557.435253,21:42:37,4.137
1749782567.505585,21:42:47,4.184
1749782577.571482,21:42:57,4.195
1749782587.637439,21:43:07,4.231
1749782597.708038,21:43:17,4.184
1749782607.773831,21:43:27,4.145
1749782617.840491,21:43:37,4.182
1749782627.910019,21:43:47,4.187
1749782637.975698,21:43:57,4.137
1749782648.041614,21:44:08,4.172
1749782658.113669,21:44:18,4.172
1749782668.179449,21:44:28,4.149
1749782678.245465,21:44:38,4.176
1749782688.313872,21:44:48,4.187
1749782698.400321,21:44:58,4.121
1749782708.466425,21:45:08,4.149
1749782718.535561,21:45:18,4.188
1749782728.6013,21:45:28,4.187
1749782738.666902,21:45:38,4.206
1749782748.7377,21:45:48,4.202
1749782758.803329,21:45:58,4.209
1749782769.055524,21:46:09,4.145
1749782779.125146,21:46:19,4.175
1749782789.190903,21:46:29,4.117
1749782799.256926,21:46:39,4.196
1749782809.326268,21:46:49,4.198
1749782819.578401,21:46:59,4.160
1749782829.644558,21:47:09,4.155
1749782839.716331,21:47:19,4.163
1749782849.782211,21:47:29,4.151
1749782859.847906,21:47:39,4.192
1749782869.916273,21:47:49,4.215
1749782879.981866,21:47:59,4.158
1749782890.047629,21:48:10,4.149
1749782900.299453,21:48:20,4.153
1749782910.365321,21:48:30,4.134
1749782920.455204,21:48:40,4.142
1749782930.530602,21:48:50,4.121
1749782940.596603,21:49:00,4.148
1749782950.662334,21:49:10,4.209
1749782960.734358,21:49:20,4.131
1749782970.800648,21:49:30,4.189
1749782980.866511,21:49:40,4.141
1749782991.118362,21:49:51,4.143
1749783001.184227,21:50:01,4.191
1749783011.249896,21:50:11,4.133
1749783021.321802,21:50:21,4.116
1749783031.387656,21:50:31,4.196
1749783041.479831,21:50:41,4.116
1749783051.548674,21:50:51,4.181
1749783061.614565,21:51:01,4.182
1749783071.680367,21:51:11,4.131
1749783081.753392,21:51:21,4.157
1749783091.819342,21:51:31,4.186
1749783101.885059,21:51:41,4.195
1749783111.958358,21:51:51,4.192
1749783122.024172,21:52:02,4.185
1749783132.090447,21:52:12,4.125
1749783142.165734,21:52:22,4.180
1749783152.23159,21:52:32,4.120
1749783162.297633,21:52:42,4.136
1749783172.3657,21:52:52,4.151
1749783182.434352,21:53:02,4.154
1749783192.526881,21:53:12,4.075
1749783202.59991,21:53:22,4.105
1749783212.665976,21:53:32,4.102
1749783222.731618,21:53:42,4.135
1749783232.801142,21:53:52,4.136
1749783242.867166,21:54:02,4.145
1749783252.932974,21:54:12,4.162
1749783263.008219,21:54:23,4.116
1749783273.073882,21:54:33,4.187
1749783283.139792,21:54:43,4.121
1749783293.215403,21:54:53,4.175
1749783303.281129,21:55:03,4.150
1749783313.34715,21:55:13,4.131
1749783323.416314,21:55:23,4.145
1749783333.511537,21:55:33,4.117
1749783343.577139,21:55:43,4.161
1749783353.648569,21:55:53,4.158
1749783363.714604,21:56:03,4.189
1749783373.780368,21:56:13,4.166
1749783383.856296,21:56:23,4.124
1749783393.922197,21:56:33,4.187
1749783403.988274,21:56:43,4.192
1749783414.057851,21:56:54,4.171
1749783424.123639,21:57:04,4.136
1749783434.189269,21:57:14,4.163
1749783444.260406,21:57:24,4.159
1749783454.326374,21:57:34,4.180
1749783464.392208,21:57:44,4.177
1749783474.467916,21:57:54,4.158
1749783484.555217,21:58:04,4.134
1749783494.620936,21:58:14,4.205
1749783504.694504,21:58:24,4.178
1749783514.946362,21:58:34,4.130
1749783525.012073,21:58:45,4.185
1749783535.082077,21:58:55,4.129
1749783545.147983,21:59:05,4.178
1749783555.213791,21:59:15,4.185
1749783565.282176,21:59:25,4.124
1749783575.348031,21:59:35,4.151
1749783585.413942,21:59:45,4.191
1749783595.498374,21:59:55,4.143
1749783605.57639,22:00:05,4.139
1749783615.642286,22:00:15,4.136
1749783625.713144,22:00:25,4.178
1749783635.779338,22:00:35,4.165
1749783645.845083,22:00:45,4.169
1749783655.920192,22:00:55,4.148
1749783665.985969,22:01:05,4.177
1749783676.051696,22:01:16,4.131
1749783686.125951,22:01:26,4.122
1749783696.191717,22:01:36,4.167
1749783706.257378,22:01:46,4.178
1749783716.328899,22:01:56,4.182
1749783726.395001,22:02:06,4.158
1749783736.460599,22:02:16,4.195
1749783746.552467,22:02:26,4.141
1749783756.617975,22:02:36,4.104
1749783766.684024,22:02:46,4.119
1749783776.753291,22:02:56,4.158
1749783786.819188,22:03:06,4.188
1749783796.885133,22:03:16,4.201
1749783806.954718,22:03:26,4.203
1749783817.020923,22:03:37,4.197
1749783827.086764,22:03:47,4.183
1749783837.159694,22:03:57,4.172
1749783847.22584,22:04:07,4.141
1749783857.291507,22:04:17,4.175
1749783867.359893,22:04:27,4.106
1749783877.425547,22:04:37,4.162
1749783887.491635,22:04:47,4.169
1749783897.594119,22:04:57,4.114
1749783907.66022,22:05:07,4.167
1749783917.725953,22:05:17,4.176
1749783927.798464,22:05:27,4.188
1749783937.864492,22:05:37,4.165
1749783947.930227,22:05:47,4.150
1749783958.000938,22:05:58,4.115
1749783968.067027,22:06:08,4.165
1749783978.132761,22:06:18,4.146
1749783988.207997,22:06:28,4.123
1749783998.273861,22:06:38,4.181
1749784008.339745,22:06:48,4.123
1749784018.41505,22:06:58,4.176
1749784028.48098,22:07:08,4.110
1749784038.546786,22:07:18,4.154
1749784048.642241,22:07:28,4.122
1749784058.707884,22:07:38,4.190
1749784068.773669,22:07:48,4.109
1749784078.847275,22:07:58,4.170
1749784088.912949,22:08:08,4.172
1749784098.979626,22:08:18,4.177
1749784109.05442,22:08:29,4.136
1749784119.120255,22:08:39,4.127
1749784129.186181,22:08:49,4.162
1749784139.256889,22:08:59,4.135
1749784149.322894,22:09:09,4.178
1749784159.388457,22:09:19,4.132
1749784169.46046,22:09:29,4.115
1749784179.5262,22:09:39,4.180
1749784189.615521,22:09:49,4.103
1749784199.687537,22:09:59,4.139
1749784209.753503,22:10:09,4.135
1749784219.8192,22:10:19,4.143
1749784230.07137,22:10:30,4.110
1749784240.137064,22:10:40,4.164
1749784250.202787,22:10:50,4.145
1749784260.27173,22:11:00,4.182
1749784270.33753,22:11:10,4.177
1749784280.40332,22:11:20,4.106
1749784290.47874,22:11:30,4.176
1749784300.544352,22:11:40,4.130
1749784310.637132,22:11:50,4.100
1749784320.705773,22:12:00,4.118
1749784330.771657,22:12:10,4.175
1749784340.837592,22:12:20,4.173
1749784350.90582,22:12:30,4.101
1749784360.971588,22:12:40,4.184
1749784371.037552,22:12:51,4.194
1749784381.289446,22:13:01,4.106
1749784391.355419,22:13:11,4.104
1749784401.421196,22:13:21,4.186
1749784411.496385,22:13:31,4.107
1749784421.561957,22:13:41,4.126
1749784431.656487,22:13:51,4.103
1749784441.728187,22:14:01,4.162
1749784451.793913,22:14:11,4.123
1749784461.860092,22:14:21,4.146
1749784471.929208,22:14:31,4.153
1749784481.994722,22:14:41,4.135
1749784492.060616,22:14:52,4.154
1749784502.131924,22:15:02,4.166
1749784512.197851,22:15:12,4.139
1749784522.263624,22:15:22,4.143
1749784532.335338,22:15:32,4.162
1749784542.401321,22:15:42,4.142
1749784552.467025,22:15:52,4.147
1749784562.536529,22:16:02,4.125
1749784572.602373,22:16:12,4.144
1749784582.682452,22:16:22,4.109
1749784592.754259,22:16:32,4.159
1749784602.820004,22:16:42,4.107
1749784612.885783,22:16:52,4.175
1749784622.954354,22:17:02,4.162
1749784633.020089,22:17:13,4.176
1749784643.085899,22:17:23,4.152
1749784653.15707,22:17:33,4.179
1749784663.223168,22:17:43,4.156
1749784673.288869,22:17:53,4.129
1749784683.358455,22:18:03,4.144
1749784693.424136,22:18:13,4.123
1749784703.48991,22:18:23,4.172
1749784713.557748,22:18:33,4.107
1749784723.623429,22:18:43,4.150
1749784733.713309,22:18:53,4.096
1749784743.784845,22:19:03,4.105
1749784753.850562,22:19:13,4.148
1749784763.916274,22:19:23,4.145
1749784774.168382,22:19:34,4.102
1749784784.234186,22:19:44,4.163
1749784794.299866,22:19:54,4.101
1749784804.369009,22:20:04,4.118
1749784814.434689,22:20:14,4.155
1749784824.500547,22:20:24,4.092
1749784834.576268,22:20:34,4.085
1749784844.641948,22:20:44,4.155
1749784854.727066,22:20:54,4.091
1749784864.796442,22:21:04,4.173
1749784874.862246,22:21:14,4.131
1749784884.928006,22:21:24,4.091
1749784895.000227,22:21:35,4.154
1749784905.066089,22:21:45,4.146
1749784915.131916,22:21:55,4.120
1749784925.202746,22:22:05,4.164
1749784935.268743,22:22:15,4.169
1749784945.334506,22:22:25,4.093
1749784955.402812,22:22:35,4.187
1749784965.468484,22:22:45,4.130
1749784975.53423,22:22:55,4.129
1749784985.6055,22:23:05,4.150
1749784995.671376,22:23:15,4.093
1749785005.758132,22:23:25,4.112
1749785015.828505,22:23:35,4.187
1749785025.89492,22:23:45,4.188
1749785035.960659,22:23:55,4.098
1749785046.034682,22:24:06,4.149
1749785056.10037,22:24:16,4.156
1749785066.166045,22:24:26,4.181
1749785076.236369,22:24:36,4.174
1749785086.302297,22:24:46,4.174
1749785096.368011,22:24:56,4.173
1749785106.464878,22:25:06,4.130
1749785116.531097,22:25:16,4.195
1749785126.597082,22:25:26,4.188
1749785136.666781,22:25:36,4.165
1749785146.756582,22:25:46,4.118
1749785156.822412,22:25:56,4.146
1749785166.893861,22:26:06,4.106
1749785176.959815,22:26:16,4.159
1749785187.025567,22:26:27,4.145
1749785197.096351,22:26:37,4.173
1749785207.1624,22:26:47,4.169
1749785217.22799,22:26:57,4.166
1749785227.298047,22:27:07,4.186
1749785237.363673,22:27:17,4.177
1749785247.429668,22:27:27,4.113
1749785257.501452,22:27:37,4.131
1749785267.56708,22:27:47,4.164
1749785277.633105,22:27:57,4.159
1749785287.702121,22:28:07,4.119
1749785297.791252,22:28:17,4.105
1749785307.856859,22:28:27,4.131
1749785317.927547,22:28:37,4.166
1749785327.993522,22:28:47,4.138
1749785338.059217,22:28:58,4.161
1749785348.132858,22:29:08,4.147
1749785358.198655,22:29:18,4.171
1749785368.264354,22:29:28,4.129
1749785378.333379,22:29:38,4.167
1749785388.399179,22:29:48,4.170
1749785398.464878,22:29:58,4.119
1749785408.53803,22:30:08,4.154
1749785418.603763,22:30:18,4.110
1749785428.669572,22:30:28,4.158
1749785438.746299,22:30:38,4.093
1749785448.829462,22:30:48,4.121
1749785458.895201,22:30:58,4.177
1749785468.964823,22:31:08,4.106
1749785479.030396,22:31:19,4.173
1749785489.096365,22:31:29,4.164
1749785499.171823,22:31:39,4.167
1749785509.237557,22:31:49,4.147
1749785519.489454,22:31:59,4.107
1749785529.558749,22:32:09,4.189
1749785539.624702,22:32:19,4.174
1749785549.876493,22:32:29,4.075
1749785559.945807,22:32:39,4.116
1749785570.01186,22:32:50,4.153
1749785580.077772,22:33:00,4.146
1749785590.151109,22:33:10,4.135
1749785600.216901,22:33:20,4.097
1749785610.282715,22:33:30,4.151
1749785620.351992,22:33:40,4.136
1749785630.417613,22:33:50,4.135
1749785640.483503,22:34:00,4.104
1749785650.552341,22:34:10,4.106
1749785660.618084,22:34:20,4.111
1749785670.683715,22:34:30,4.172
1749785680.754106,22:34:40,4.185
1749785690.843926,22:34:50,4.107
1749785700.910012,22:35:00,4.162
1749785710.979812,22:35:10,4.160
1749785721.045521,22:35:21,4.110
1749785731.111439,22:35:31,4.141
1749785741.185924,22:35:41,4.115
1749785751.251573,22:35:51,4.182
1749785761.317638,22:36:01,4.174
1749785771.38536,22:36:11,4.131
1749785781.451241,22:36:21,4.176
1749785791.703388,22:36:31,4.116
1749785801.772405,22:36:41,4.174
1749785811.861458,22:36:51,4.088
1749785821.92729,22:37:01,4.130
1749785831.996806,22:37:11,4.149
1749785842.062565,22:37:22,4.146
1749785852.128356,22:37:32,4.175
1749785862.196529,22:37:42,4.112
1749785872.262395,22:37:52,4.113
1749785882.328257,22:38:02,4.170
1749785892.400061,22:38:12,4.128
1749785902.465749,22:38:22,4.155
1749785912.531605,22:38:32,4.161
1749785922.60322,22:38:42,4.184
1749785932.668815,22:38:52,4.156
1749785942.734677,22:39:02,4.176
1749785952.804532,22:39:12,4.177
1749785962.893559,22:39:22,4.111
1749785972.959343,22:39:32,4.139
1749785983.034368,22:39:43,4.158
1749785993.100196,22:39:53,4.199
1749786003.16604,22:40:03,4.122
1749786013.237314,22:40:13,4.110
1749786023.303259,22:40:23,4.174
1749786033.369102,22:40:33,4.188
1749786043.437978,22:40:43,4.177
1749786053.50398,22:40:53,4.113
1749786063.570024,22:41:03,4.131
1749786073.63812,22:41:13,4.166
1749786083.704197,22:41:23,4.085
1749786093.770086,22:41:33,4.103
1749786103.848853,22:41:43,4.159
1749786113.93122,22:41:53,4.110
1749786123.997327,22:42:03,4.168
1749786134.065889,22:42:14,4.172
1749786144.131571,22:42:24,4.190
1749786154.197116,22:42:34,4.158
1749786164.267598,22:42:44,4.171
1749786174.3334,22:42:54,4.115
1749786184.399306,22:43:04,4.166
1749786194.473238,22:43:14,4.127
1749786204.538901,22:43:24,4.173
1749786214.604757,22:43:34,4.123
1749786224.674572,22:43:44,4.172
1749786234.740537,22:43:54,4.189
1749786244.806323,22:44:04,4.156
1749786254.896462,22:44:14,4.123
1749786264.962377,22:44:24,4.124
1749786275.028462,22:44:35,4.166
1749786285.100572,22:44:45,4.125
1749786295.16629,22:44:55,4.167
1749786305.232091,22:45:05,4.104
1749786315.302695,22:45:15,4.145
1749786325.368358,22:45:25,4.157
1749786335.434133,22:45:35,4.136
1749786345.509739,22:45:45,4.165
1749786355.575539,22:45:55,4.160
1749786365.641161,22:46:05,4.157
1749786375.717274,22:46:15,4.179
1749786385.782958,22:46:25,4.129
1749786395.848988,22:46:35,4.137
1749786405.950255,22:46:45,4.124
1749786416.015999,22:46:56,4.135
1749786426.081939,22:47:06,4.176
1749786436.150945,22:47:16,4.150
1749786446.216684,22:47:26,4.150
1749786456.282483,22:47:36,4.125
1749786466.356403,22:47:46,4.090
1749786476.42204,22:47:56,4.151
1749786486.487905,22:48:06,4.125
1749786496.559679,22:48:16,4.148
1749786506.625612,22:48:26,4.149
1749786516.691487,22:48:36,4.114
1749786526.762264,22:48:46,4.167
1749786536.827898,22:48:56,4.157
1749786546.893672,22:49:06,4.111
1749786556.989231,22:49:16,4.105
1749786567.054984,22:49:27,4.097
1749786577.120832,22:49:37,4.139
1749786587.196692,22:49:47,4.125
1749786597.262412,22:49:57,4.154
1749786607.328183,22:50:07,4.173
1749786617.400241,22:50:17,4.136
1749786627.466032,22:50:27,4.165
1749786637.531688,22:50:37,4.111
1749786647.604243,22:50:47,4.097
1749786657.669878,22:50:57,4.144
1749786667.736474,22:51:07,4.099
1749786677.805936,22:51:17,4.140
1749786687.871752,22:51:27,4.174
1749786697.951737,22:51:37,4.100
1749786708.03477,22:51:48,4.114
1749786718.100516,22:51:58,4.168
1749786728.166231,22:52:08,4.110
1749786738.237792,22:52:18,4.094
1749786748.307057,22:52:28,4.161
1749786758.372746,22:52:38,4.158
1749786768.445194,22:52:48,4.141
1749786778.510886,22:52:58,4.113
1749786788.576938,22:53:08,4.128
1749786798.645853,22:53:18,4.157
1749786808.711534,22:53:28,4.163
1749786818.777434,22:53:38,4.107
1749786828.85185,22:53:48,4.136
1749786838.917484,22:53:58,4.170
1749786849.169397,22:54:09,4.097
1749786859.240111,22:54:19,4.168
1749786869.305952,22:54:29,4.129
1749786879.371632,22:54:39,4.148
1749786889.442585,22:54:49,4.148
1749786899.508637,22:54:59,4.102
1749786909.574894,22:55:09,4.123
1749786919.644153,22:55:19,4.153
1749786929.709798,22:55:29,4.116
1749786939.775613,22:55:39,4.162
1749786949.851204,22:55:49,4.169
1749786959.916917,22:55:59,4.143
1749786970.009661,22:56:10,4.127
1749786980.204717,22:56:20,4.112
1749786990.270539,22:56:30,4.145
1749787000.336598,22:56:40,4.160
1749787010.407652,22:56:50,4.178
1749787020.473335,22:57:00,4.141
1749787030.539079,22:57:10,4.152
1749787040.608409,22:57:20,4.157
1749787050.674303,22:57:30,4.111
1749787060.740066,22:57:40,4.115
1749787070.80967,22:57:50,4.176
1749787080.875505,22:58:00,4.181
1749787090.941228,22:58:10,4.192
1749787101.033094,22:58:21,4.114
1749787111.098721,22:58:31,4.170
1749787121.247377,22:58:41,4.121
1749787131.315547,22:58:51,4.160
1749787141.381048,22:59:01,4.106
1749787151.447083,22:59:11,4.181
1749787161.516165,22:59:21,4.170
1749787171.581801,22:59:31,4.165
1749787181.64744,22:59:41,4.129
1749787191.71781,22:59:51,4.138
1749787201.783478,23:00:01,4.172
1749787211.84924,23:00:11,4.119
1749787221.924861,23:00:21,4.114
1749787231.990606,23:00:31,4.155
1749787242.082751,23:00:42,4.096
1749787252.151961,23:00:52,4.122
1749787262.217693,23:01:02,4.155
1749787272.284186,23:01:12,4.099
1749787282.353504,23:01:22,4.116
1749787292.419318,23:01:32,4.109
1749787302.484985,23:01:42,4.156
1749787312.556126,23:01:52,4.115
1749787322.622,23:02:02,4.159
1749787332.687788,23:02:12,4.152
1749787342.757572,23:02:22,4.127
1749787352.823319,23:02:32,4.125
1749787362.889095,23:02:42,4.095
1749787372.960227,23:02:52,4.132
1749787383.025826,23:03:03,4.138
1749787393.109236,23:03:13,4.091
1749787403.185167,23:03:23,4.112
1749787413.250726,23:03:33,4.159
1749787423.316381,23:03:43,4.100
1749787433.384667,23:03:53,4.146
1749787443.45038,23:04:03,4.133
1749787453.516293,23:04:13,4.093
1749787463.585046,23:04:23,4.152
1749787473.650779,23:04:33,4.139
1749787483.716561,23:04:43,4.114
1749787493.788547,23:04:53,4.153
1749787503.854504,23:05:03,4.089
1749787513.920324,23:05:13,4.147
1749787523.9933,23:05:23,4.085
1749787534.074338,23:05:34,4.100
1749787544.157259,23:05:44,4.102
1749787554.22519,23:05:54,4.146
1749787564.290773,23:06:04,4.101
1749787574.356925,23:06:14,4.124
1749787584.427711,23:06:24,4.149
1749787594.493475,23:06:34,4.122
1749787604.559726,23:06:44,4.113
1749787614.629252,23:06:54,4.145
1749787624.695242,23:07:04,4.155
1749787634.760916,23:07:14,4.141
1749787644.829907,23:07:24,4.160
1749787654.895938,23:07:34,4.094
1749787664.961719,23:07:44,4.156
1749787675.031194,23:07:55,4.086
1749787685.119139,23:08:05,4.086
1749787695.185031,23:08:15,4.116
1749787705.258081,23:08:25,4.134
1749787715.32399,23:08:35,4.167
1749787725.389808,23:08:45,4.133
1749787735.459012,23:08:55,4.144
1749787745.5248,23:09:05,4.133
1749787755.590791,23:09:15,4.100
1749787765.662536,23:09:25,4.129
1749787775.728086,23:09:35,4.121
1749787785.794009,23:09:45,4.119
1749787795.863259,23:09:55,4.142
1749787805.929164,23:10:05,4.139
1749787815.994835,23:10:15,4.134
1749787826.066708,23:10:26,4.147
1749787836.155337,23:10:36,4.112
1749787846.220965,23:10:46,4.089
1749787856.293471,23:10:56,4.165
1749787866.359197,23:11:06,4.177
1749787876.425286,23:11:16,4.078
1749787886.677377,23:11:26,4.121
1749787896.743097,23:11:36,4.142
1749787906.995544,23:11:46,4.110
1749787917.067618,23:11:57,4.121
1749787927.162505,23:12:07,4.110
1749787937.228283,23:12:17,4.167
1749787947.29629,23:12:27,4.079
1749787957.361989,23:12:37,4.163
1749787967.427806,23:12:47,4.147
1749787977.501849,23:12:57,4.172
1749787987.5676,23:13:07,4.121
1749787997.633379,23:13:17,4.140
1749788007.706579,23:13:27,4.162
1749788017.772322,23:13:37,4.163
1749788027.838086,23:13:47,4.131
1749788037.91363,23:13:57,4.087
1749788047.979752,23:14:07,4.140
1749788058.045452,23:14:18,4.095
1749788068.114835,23:14:28,4.146
1749788078.200204,23:14:38,4.078
1749788088.266108,23:14:48,4.151
1749788098.334085,23:14:58,4.087
1749788108.399849,23:15:08,4.152
1749788118.465553,23:15:18,4.112
1749788128.537064,23:15:28,4.142
1749788138.60329,23:15:38,4.148
1749788148.669013,23:15:48,4.095
1749788158.743299,23:15:58,4.098
1749788168.808885,23:16:08,4.142
1749788178.874946,23:16:18,4.159
1749788188.944356,23:16:28,4.163
1749788199.010365,23:16:39,4.149
1749788209.076204,23:16:49,4.083
1749788219.158301,23:16:59,4.080
1749788229.23714,23:17:09,4.095
1749788239.302861,23:17:19,4.139
1749788249.375431,23:17:29,4.104
1749788259.44129,23:17:39,4.133
1749788269.507091,23:17:49,4.154
1749788279.582493,23:17:59,4.134
1749788289.648237,23:18:09,4.136
1749788299.714121,23:18:19,4.074
1749788309.787924,23:18:29,4.114
1749788319.853588,23:18:39,4.126
1749788329.919558,23:18:49,4.114
1749788339.991333,23:18:59,4.133
1749788350.057116,23:19:10,4.101
1749788360.122998,23:19:20,4.120
1749788370.223694,23:19:30,4.084
1749788380.289645,23:19:40,4.128
1749788390.355381,23:19:50,4.116
1749788400.425463,23:20:00,4.071
1749788410.49164,23:20:10,4.165
1749788420.557462,23:20:20,4.154
1749788430.627844,23:20:30,4.141
1749788440.75455,23:20:40,4.096
1749788450.820376,23:20:50,4.110
1749788460.889721,23:21:00,4.105
1749788470.955489,23:21:10,4.110
1749788481.02114,23:21:21,4.150
1749788491.089326,23:21:31,4.081
1749788501.155111,23:21:41,4.151
1749788511.243031,23:21:51,4.100
1749788521.316497,23:22:01,4.150
1749788531.3825,23:22:11,4.083
1749788541.448518,23:22:21,4.075
1749788551.522455,23:22:31,4.109
1749788561.588229,23:22:41,4.122
1749788571.654571,23:22:51,4.127
1749788581.723239,23:23:01,4.131
1749788591.789015,23:23:11,4.126
1749788601.855148,23:23:21,4.151
1749788611.924884,23:23:31,4.086
1749788621.990776,23:23:41,4.149
1749788632.05671,23:23:52,4.143
1749788642.12563,23:24:02,4.137
1749788652.198094,23:24:12,4.137
1749788662.282445,23:24:22,4.062
1749788672.354451,23:24:32,4.136
1749788682.420241,23:24:42,4.107
1749788692.486333,23:24:52,4.093
1749788702.561537,23:25:02,4.095
1749788712.627251,23:25:12,4.142
1749788722.693258,23:25:22,4.151
1749788732.764508,23:25:32,4.157
1749788742.830483,23:25:42,4.145
1749788752.896216,23:25:52,4.096
1749788762.965793,23:26:02,4.137
1749788773.031672,23:26:13,4.132
1749788783.255586,23:26:23,4.072
1749788793.324438,23:26:33,4.067
1749788803.390481,23:26:43,4.106
1749788813.4566,23:26:53,4.098
1749788823.529822,23:27:03,4.074
1749788833.595479,23:27:13,4.072
1749788843.661409,23:27:23,4.131
1749788853.731819,23:27:33,4.137
1749788863.983361,23:27:43,4.101
1749788874.049,23:27:54,4.134
1749788884.12311,23:28:04,4.107
1749788894.188783,23:28:14,4.137
1749788904.277863,23:28:24,4.070
1749788914.351466,23:28:34,4.110
1749788924.417086,23:28:44,4.120
1749788934.482969,23:28:54,4.101
1749788944.554737,23:29:04,4.117
1749788954.620655,23:29:14,4.122
1749788964.68626,23:29:24,4.107
1749788974.755147,23:29:34,4.152
1749788984.82113,23:29:44,4.092
1749788994.88713,23:29:54,4.078
1749789004.95958,23:30:04,4.099
1749789015.025519,23:30:15,4.116
1749789025.091303,23:30:25,4.121
1749789035.167327,23:30:35,4.092
1749789045.232907,23:30:45,4.111
1749789055.320702,23:30:55,4.050
1749789065.396385,23:31:05,4.088
1749789075.648371,23:31:15,4.066
1749789085.714418,23:31:25,4.122
1749789095.782306,23:31:35,4.098
1749789105.848373,23:31:45,4.097
1749789115.914336,23:31:55,4.093
1749789126.069436,23:32:06,4.099
1749789136.13517,23:32:16,4.078
1749789146.201139,23:32:26,4.113
1749789156.271938,23:32:36,4.073
1749789166.354398,23:32:46,4.086
1749789176.420085,23:32:56,4.077
1749789186.490054,23:33:06,4.120
1749789196.5558,23:33:16,4.134
1749789206.768938,23:33:26,4.069
1749789216.837393,23:33:36,4.054
1749789226.903225,23:33:46,4.138
1749789236.969137,23:33:56,4.115
1749789247.038126,23:34:07,4.118
1749789257.103916,23:34:17,4.118
1749789267.169568,23:34:27,4.069
1749789277.23978,23:34:37,4.120
1749789287.333412,23:34:47,4.035
1749789297.399374,23:34:57,4.128
1749789307.469219,23:35:07,4.100
1749789317.534925,23:35:17,4.093
1749789327.60098,23:35:27,4.120
1749789337.670191,23:35:37,4.133
1749789347.735875,23:35:47,4.086
1749789357.801817,23:35:57,4.066
1749789367.873132,23:36:07,4.112
1749789377.93903,23:36:17,4.104
1749789388.004976,23:36:28,4.083
1749789398.074538,23:36:38,4.121
1749789408.140203,23:36:48,4.127
1749789418.206093,23:36:58,4.128
1749789428.27667,23:37:08,4.104
1749789438.363975,23:37:18,4.084
1749789448.429687,23:37:28,4.110
1749789458.498321,23:37:38,4.108
1749789468.750335,23:37:48,4.081
1749789478.816223,23:37:58,4.155
1749789488.885427,23:38:08,4.115
1749789498.95112,23:38:18,4.114
1749789509.017173,23:38:29,4.077
1749789519.086623,23:38:39,4.056
1749789529.152417,23:38:49,4.146
1749789539.218029,23:38:59,4.091
1749789549.289588,23:39:09,4.085
1749789559.380364,23:39:19,4.046
1749789569.446103,23:39:29,4.079
1749789579.516586,23:39:39,4.094
1749789589.58253,23:39:49,4.105
1749789599.648287,23:39:59,4.076
1749789609.721121,23:40:09,4.109
1749789619.786847,23:40:19,4.145
1749789629.852606,23:40:29,4.127
1749789639.920734,23:40:39,4.106
1749789649.986766,23:40:49,4.107
1749789660.052648,23:41:00,4.079
1749789670.304395,23:41:10,4.081
1749789680.397703,23:41:20,4.061
1749789690.463611,23:41:30,4.076
1749789700.534871,23:41:40,4.095
1749789710.600539,23:41:50,4.114
1749789720.666396,23:42:00,4.065
1749789730.738114,23:42:10,4.119
1749789740.804064,23:42:20,4.127
1749789750.870236,23:42:30,4.114
1749789760.941669,23:42:40,4.125
1749789771.007694,23:42:51,4.062
1749789781.073577,23:43:01,4.133
1749789791.145284,23:43:11,4.087
1749789801.211062,23:43:21,4.081
1749789811.276775,23:43:31,4.091
1749789821.35129,23:43:41,4.110
1749789831.435591,23:43:51,4.049
1749789841.501384,23:44:01,4.070
1749789851.5703,23:44:11,4.097
1749789861.636178,23:44:21,4.096
1749789871.702235,23:44:31,4.089
1749789881.77371,23:44:41,4.065
1749789891.839527,23:44:51,4.139
1749789901.905253,23:45:01,4.087
1749789911.974463,23:45:11,4.098
1749789922.040317,23:45:22,4.102
1749789932.10634,23:45:32,4.076
1749789942.177858,23:45:42,4.082
1749789952.243701,23:45:52,4.078
1749789962.309564,23:46:02,4.100
1749789972.398547,23:46:12,4.065
1749789982.470041,23:46:22,4.074
1749789992.567956,23:46:32,4.030
1749790002.642031,23:46:42,4.100
1749790012.707783,23:46:52,4.105
1749790022.775368,23:47:02,4.121
1749790032.844577,23:47:12,4.057
1749790042.910483,23:47:22,4.078
1749790052.976063,23:47:32,4.126
1749790063.049352,23:47:43,4.110
1749790073.115576,23:47:53,4.107
1749790083.18155,23:48:03,4.103
1749790093.252995,23:48:13,4.069
1749790103.318947,23:48:23,4.059
1749790113.384881,23:48:33,4.095
1749790123.474105,23:48:43,4.075
1749790133.539956,23:48:53,4.105
1749790143.605764,23:49:03,4.055
1749790153.675016,23:49:13,4.100
1749790163.740794,23:49:23,4.122
1749790173.806859,23:49:33,4.093
1749790183.874827,23:49:43,4.120
1749790193.940862,23:49:53,4.061
1749790204.008198,23:50:04,4.113
1749790214.076332,23:50:14,4.124
1749790224.142128,23:50:24,4.062
1749790234.207845,23:50:34,4.135
1749790244.276808,23:50:44,4.062
1749790254.342579,23:50:54,4.122
1749790264.408657,23:51:04,4.112
1749790274.659413,23:51:14,4.060
1749790284.725035,23:51:24,4.065
1749790294.790712,23:51:34,4.104
1749790304.866358,23:51:44,4.101
1749790314.931958,23:51:54,4.073
1749790324.997947,23:52:04,4.066
1749790335.068924,23:52:15,4.112
1749790345.134647,23:52:25,4.076
1749790355.200581,23:52:35,4.094
1749790365.269475,23:52:45,4.091
1749790375.335304,23:52:55,4.077
1749790385.401169,23:53:05,4.124
1749790395.487608,23:53:15,4.079
1749790405.553247,23:53:25,4.086
1749790415.619428,23:53:35,4.132
1749790425.695139,23:53:45,4.086
1749790435.761253,23:53:55,4.127
1749790445.82704,23:54:05,4.061
1749790455.897164,23:54:15,4.111
1749790465.963053,23:54:25,4.084
1749790476.028989,23:54:36,4.119
1749790486.098815,23:54:46,4.102
1749790496.164531,23:54:56,4.107
1749790506.230691,23:55:06,4.070
1749790516.30315,23:55:16,4.083
1749790526.369446,23:55:26,4.096
1749790536.435518,23:55:36,4.122
1749790546.523237,23:55:46,4.055
1749790556.588815,23:55:56,4.055
1749790566.654719,23:56:06,4.048
1749790576.726682,23:56:16,4.067
1749790586.792357,23:56:26,4.115
1749790596.858692,23:56:36,4.116
1749790606.927142,23:56:46,4.108
1749790616.992902,23:56:56,4.054
1749790627.059315,23:57:07,4.068
1749790637.132849,23:57:17,4.070
1749790647.198956,23:57:27,4.052
1749790657.264915,23:57:37,4.119
1749790667.341019,23:57:47,4.083
1749790677.406807,23:57:57,4.067
1749790687.49258,23:58:07,4.071
1749790697.568688,23:58:17,4.064
1749790707.634353,23:58:27,4.083
1749790717.700304,23:58:37,4.081
1749790727.770313,23:58:47,4.091
1749790737.836366,23:58:57,4.083
1749790747.90205,23:59:07,4.085
1749790757.97253,23:59:17,4.136
1749790768.038189,23:59:28,4.082
1749790778.104087,23:59:38,4.106
1749790788.178582,23:59:48,4.093
1749790798.429371,23:59:58,4.058
1749790808.519333,00:00:08,4.054
